3.417953049841174207e-02
3.418177673035447534e-02
3.418388777378831428e-02
3.418588279594545615e-02
3.418778159165377500e-02
3.418960710146803916e-02
3.419138188116711830e-02
3.419312507497132558e-02
3.419485275158092724e-02
3.419658345142918138e-02
3.419834481752615646e-02
3.420017429269017056e-02
3.420211532827823614e-02
3.420418475181487977e-02
3.420637383540323095e-02
3.420865766589551576e-02
3.421101070879636885e-02
3.421347822527611576e-02
3.421614278908409468e-02
3.421910445311805021e-02
3.422243221483495940e-02
3.422606616787107758e-02
3.422990728580699998e-02
3.423384292423417574e-02
3.423785397132078634e-02
3.424208261763470040e-02
3.424670265692363047e-02
3.425189092908766803e-02
3.425764148966306544e-02
3.426380655367158162e-02
3.427021846964434931e-02
3.427674624676948362e-02
3.428349364936154192e-02
3.429064249382492852e-02
3.429838236816633301e-02
3.430679283823978576e-02
3.431575251554905975e-02
3.432510356778060295e-02
3.433468486534120567e-02
3.434448820507506051e-02
3.435461033360234784e-02
3.436515092455456888e-02
3.437617149297735736e-02
3.438759804989206109e-02
3.439932586865102754e-02
3.441125168055313849e-02
3.442333130748405357e-02
3.443558978488304306e-02
3.444805726325166767e-02
3.446075728983068881e-02
3.447366686336232611e-02
3.448674532302303808e-02
3.449995076661883237e-02
3.451324811790565383e-02
3.452661526836785927e-02
3.454003373489584333e-02
3.455349056233770338e-02
3.456699592865616205e-02
3.458057266877699598e-02
3.459424724281485314e-02
3.460801880130368741e-02
3.462183218388300426e-02
3.463562277279482599e-02
3.464933581195847601e-02
3.466302360173204034e-02
3.467679908788088433e-02
3.469079729911345861e-02
3.470507564923181604e-02
3.471953107088554535e-02
3.473402689146891376e-02
3.474845457477723082e-02
3.476297607335272072e-02
3.477787622266422657e-02
3.479346408705012023e-02
3.480981123851530773e-02
3.482668827183969806e-02
3.484381705191234857e-02
3.486101623959671908e-02
3.487856849881754845e-02
3.489689366842680524e-02
3.491641325402630724e-02
3.493714819522535792e-02
3.495879292070901839e-02
3.498100941618084714e-02
3.500363717769204575e-02
3.502700150158837011e-02
3.505152830849644213e-02
3.507762841296332285e-02
3.510531597424892264e-02
3.513437348223574092e-02
3.516456301143692370e-02
3.519581920471887004e-02
3.522843456392507622e-02
3.526276878701841561e-02
3.529917703463304746e-02
3.533775952135640580e-02
3.537848675913896068e-02
3.542132045079224995e-02
3.546629741848315864e-02
3.551361680849846741e-02
3.556351174471672483e-02
3.561623177658609918e-02
3.567203717399500262e-02
3.573119859536279946e-02
3.579399886824036203e-02
3.586067558728138482e-02
3.593126285258968489e-02
3.600573909087787655e-02
3.608408722062805135e-02
3.616652887725907428e-02
3.625370917724409642e-02
3.634633628849882198e-02
3.644511986834598344e-02
3.655036733935428800e-02
3.666182066422837837e-02
3.677918525489813628e-02
3.690217550773972066e-02
3.703093724163999956e-02
3.716644345797035648e-02
3.730976270382305171e-02
3.746194515503338540e-02
3.762381865572165390e-02
3.779523688982540375e-02
3.797576122564610968e-02
3.816500724943610451e-02
3.836263690576774410e-02
3.856859979602533794e-02
3.878379257570106070e-02
3.900930712584328025e-02
3.924618873264417579e-02
3.949541838501302582e-02
3.975787607880713198e-02
4.003384676133517339e-02
4.032309403167762263e-02
4.062542431534637427e-02
4.094070993639436357e-02
4.126888194837028540e-02
4.160992446326085281e-02
4.196388964889808532e-02
4.233112055515210470e-02
4.271212213525442392e-02
4.310736140701748598e-02
4.351725692418779295e-02
4.394213203723505018e-02
4.438224293096573736e-02
4.483780508452570035e-02
4.530899746808247225e-02
4.579596671008637210e-02
4.629882886021778610e-02
4.681763669639603387e-02
4.735240518604657417e-02
4.790315457398523769e-02
4.846989849259070865e-02
4.905262546560016507e-02
4.965131866345935674e-02
5.026595806953404466e-02
5.089651904748355299e-02
5.154297107935414818e-02
5.220527663876161489e-02
5.288339016669062198e-02
5.357725712978379101e-02
5.428698477269418288e-02
5.501330632777994001e-02
5.575715256250050877e-02
5.651952641852924647e-02
5.730150747725411969e-02
5.810425653780273980e-02
5.892902027832765816e-02
5.977713596301043042e-02
6.065003366498896570e-02
6.154884284802486505e-02
6.247390222539000310e-02
6.342542021372683803e-02
6.440357160125813329e-02
6.540849562789038951e-02
6.644029418187324953e-02
6.749903010768702749e-02
6.858472562556518215e-02
6.969727154792342005e-02
7.083576096548502288e-02
7.199881476104917633e-02
7.318493528837546891e-02
7.439251674801254655e-02
7.561985285822815650e-02
7.686514408930687769e-02
7.812650430596801421e-02
7.940194971065098195e-02
8.068902471266234389e-02
8.198478263825789703e-02
8.328616272151444233e-02
8.459002815889413163e-02
8.589319010843622648e-02
8.719243377247923310e-02
8.848454582730243267e-02
8.976634219848038387e-02
9.103491394303535322e-02
9.228816496094148503e-02
9.352421218650751322e-02
9.474122792521438852e-02
9.593744148729277388e-02
9.711113760942120809e-02
9.826065177143143703e-02
9.938436270405794082e-02
1.004806825694370409e-01
1.015484444940726733e-01
1.025882704889592156e-01
1.036011663923143145e-01
1.045879905876990479e-01
1.055494639175081073e-01
1.064862100062038547e-01
1.073990939644447473e-01
1.082891937548604022e-01
1.091576301488693945e-01
1.100055638515716333e-01
1.108338550919915622e-01
1.116417590140649507e-01
1.124279988716443690e-01
1.131908069100900222e-01
1.139282545773109695e-01
1.146384158545653009e-01
1.153193680252216219e-01
1.159692043039831089e-01
1.165864014778379004e-01
1.171699218286247346e-01
1.177188512264609743e-01
1.182323438739056043e-01
1.187095091462325586e-01
1.191492958100814348e-01
1.195506453702511879e-01
1.199125949371284139e-01
1.202342374548187598e-01
1.205143886641479589e-01
1.207517277973884084e-01
1.209449603406254486e-01
1.210933271187258908e-01
1.211976882005536965e-01
1.212594413801312415e-01
1.212802010485226900e-01
1.212597604023643583e-01
1.211964247835457115e-01
1.210884653611454115e-01
1.209388647510889897e-01
1.207541417633431202e-01
1.205403873856689678e-01
1.202956362491789805e-01
1.200131968531625987e-01
1.196881288451821235e-01
1.193279152990111419e-01
1.189444322134497883e-01
1.185425407708906864e-01
1.181128504475546376e-01
1.176448273439270886e-01
1.171411782479400976e-01
1.166151828621103947e-01
1.160758870014342442e-01
1.155165077460820200e-01
1.149273420851276845e-01
1.143093834287848554e-01
1.136734701250808333e-01
1.130272906284618822e-01
1.123670300546878165e-01
1.116871558946095772e-01
1.109893001136742080e-01
1.102802318353629102e-01
1.095655672270905157e-01
1.088472099625789197e-01
1.081266683548435109e-01
1.074053276916712985e-01
1.066846574781928625e-01
1.059697812130004912e-01
1.052706759286469729e-01
1.045955745816347926e-01
1.039419098728044388e-01
1.033041818313496230e-01
1.026864634813119959e-01
1.021049344526758218e-01
1.015712462256978116e-01
1.010791957217117981e-01
1.006142158797752179e-01
1.001656813811803298e-01
9.974227511151743941e-02
9.935849044876401970e-02
9.902342972397977505e-02
9.872741540938842486e-02
9.845586625863797514e-02
9.819630805713265576e-02
9.794992389515312647e-02
9.772687386496846373e-02
9.753634536710180380e-02
9.738111893252865414e-02
9.725255056174714197e-02
9.714134376885709410e-02
9.703897985381540470e-02
9.694312923209448540e-02
9.685838123469317495e-02
9.679214138418734681e-02
9.675207850306428992e-02
9.674099396001879791e-02
9.675816133386502815e-02
9.680337997606035250e-02
9.687708875938354225e-02
9.698185132577848144e-02
9.712322383080322641e-02
9.730529635251947140e-02
9.752837430100866345e-02
9.779192242054048079e-02
9.809440575655492545e-02
9.843334455096373892e-02
9.880627610809820938e-02
9.921079906067777066e-02
9.964455585620408951e-02
1.001051288588571397e-01
1.005895017243838285e-01
1.010943769437580159e-01
1.016163744275196262e-01
1.021520243143525519e-01
1.026977616670260718e-01
1.032499204697827216e-01
1.038047494650087971e-01
1.043587054003972114e-01
1.049111816573974065e-01
1.054646738149530583e-01
1.060219347901349973e-01
1.065858206063039354e-01
1.071592754474890302e-01
1.077452732707891020e-01
1.083463528975206619e-01
1.089647960690783429e-01
1.096022482041181662e-01
1.102591565293776776e-01
1.109358842974976223e-01
1.116328406029817866e-01
1.123504834563767846e-01
1.130894556766853382e-01
1.138510700831081857e-01
1.146367991913175011e-01
1.154477393780022204e-01
1.162840871355998590e-01
1.171458261076146201e-01
1.180328649432083876e-01
1.189450477326148836e-01
1.198821651779078123e-01
1.208439115741245518e-01
1.218295170892905316e-01
1.228379949826765571e-01
1.238682812664857885e-01
1.249193192345365855e-01
1.259900723915879650e-01
1.270795117815364250e-01
1.281866052663869771e-01
1.293103083557368138e-01
1.304495562816295195e-01
1.316033511518004961e-01
1.327711824787360939e-01
1.339530496191355391e-01
1.351492151713408474e-01
1.363599470691214399e-01
1.375855121070315712e-01
1.388261748678009111e-01
1.400821960953719802e-01
1.413541466508473343e-01
1.426448324571104043e-01
1.439580505350440687e-01
1.452976242688892583e-01
1.466673830974805082e-01
1.480711483029030773e-01
1.495125645465429365e-01
1.509949667711237842e-01
1.525213614379690441e-01
1.540912868094608812e-01
1.557023313637840856e-01
1.573520696890698123e-01
1.590380638455251849e-01
1.607578442558004195e-01
1.625088916705520192e-01
1.642886199362819932e-01
1.660943046926005029e-01
1.679221879164332354e-01
1.697675691493216732e-01
1.716255054466947483e-01
1.734908027385374252e-01
1.753579817382155404e-01
1.772212489673462010e-01
1.790746360051043151e-01
1.809121024528874411e-01
1.827303216322242463e-01
1.845295031934024166e-01
1.863101666414223589e-01
1.880729416382313501e-01
1.898185707666082411e-01
1.915479058529561129e-01
1.932618956071371630e-01
1.949615036303303794e-01
1.966455785805965584e-01
1.983101483737401416e-01
1.999508447681528911e-01
2.015627270173237229e-01
2.031395721694029544e-01
2.046744638375228575e-01
2.061598858318260119e-01
2.075877684005487112e-01
2.089514587583693461e-01
2.102455651732487163e-01
2.114640905992453968e-01
2.126002981155760418e-01
2.136467412321725601e-01
2.145967353468677674e-01
2.154439615141097719e-01
2.161785264282140573e-01
2.167747483067220260e-01
2.172010035994441091e-01
2.174249076416502058e-01
2.174130839909329260e-01
2.171275882685751724e-01
2.165272660783177927e-01
2.155760699937925018e-01
2.143122703027308118e-01
2.128292598990320084e-01
2.112410259619659780e-01
2.096685482252790000e-01
2.082293380137482941e-01
2.070228899940789735e-01
2.060891681586586310e-01
2.053673663452837417e-01
2.047902272355577313e-01
2.042977310506249589e-01
2.038354053529165821e-01
2.033507923083129332e-01
2.027932013208454676e-01
2.021486248011730713e-01
2.014446550160705895e-01
2.007121677632421886e-01
1.999822402939053778e-01
1.992853129430725567e-01
1.986502706199120838e-01
1.980989305893540720e-01
1.976339394678940098e-01
1.972522515224073847e-01
1.969511217423533245e-01
1.967281994728607430e-01
1.965837997229326894e-01
1.965207333486757579e-01
1.965409744645943702e-01
1.966450198475047373e-01
1.968327142493428716e-01
1.971033700602451422e-01
1.974540145431868676e-01
1.978795926438061126e-01
1.983754269058348452e-01
1.989368637269048889e-01
1.995590973892819586e-01
2.002376990478339225e-01
2.009685920827733174e-01
2.017486955185909814e-01
2.025771188313380822e-01
2.034532250374983808e-01
2.043774616237563624e-01
2.053520105267245821e-01
2.063790296661706380e-01
2.074605015044620748e-01
2.085982453979548235e-01
2.097939275391292602e-01
2.110484851106422532e-01
2.123613840864610192e-01
2.137313925034865225e-01
2.151573823856267609e-01
2.166384230393699761e-01
2.181737575893335779e-01
2.197627831912669361e-01
2.214050342346957634e-01
2.230999353189722645e-01
2.201613828532413275e-01
2.167025558921281680e-01
2.133722400752888770e-01
2.101896839478070711e-01
2.071468306250467128e-01
2.042160065911585998e-01
2.013716157110463645e-01
1.985913013048763998e-01
1.958711439551665823e-01
1.932231615072063091e-01
1.906584788604677450e-01
1.881866228946000030e-01
1.858079095349569054e-01
1.835099035361632547e-01
1.812802895292113525e-01
1.791078077975249705e-01
1.769842568584155396e-01
1.749107577231374111e-01
1.728904063417958381e-01
1.709258457259713038e-01
1.690191681716831651e-01
1.671691411366668378e-01
1.653717002997990015e-01
1.636228924019389463e-01
1.619189790365079540e-01
1.602567249703351349e-01
1.586339712461886653e-01
1.570488831265955398e-01
1.554997271092701805e-01
1.539848632069662493e-01
1.525035904380656615e-01
1.510574415302709250e-01
1.496481367080117475e-01
1.482772107120007565e-01
1.469460151114603541e-01
1.456537724058238614e-01
1.443955789587904603e-01
1.431662903724316427e-01
1.419610999618599045e-01
1.407755322960672906e-01
1.396076070512118072e-01
1.384612830043489562e-01
1.373412337045142873e-01
1.362518498586980653e-01
1.351972524499178985e-01
1.341800664362945983e-01
1.331958218522391046e-01
1.322377790172592771e-01
1.312994087594609727e-01
1.303745843283788675e-01
1.294577880759214816e-01
1.285491550661519988e-01
1.276545828136982086e-01
1.267799755779483450e-01
1.259309397795724816e-01
1.251127843512294946e-01
1.243292517852487844e-01
1.235760319782074484e-01
1.228455074708493661e-01
1.221303576624759857e-01
1.214236696857490805e-01
1.207189403834673935e-01
1.200123737754861114e-01
1.193071720821748810e-01
1.186076039918518427e-01
1.179176878938969636e-01
1.172412101876552093e-01
1.165822368085215610e-01
1.159428144470904254e-01
1.153194039082708067e-01
1.147079039789217492e-01
1.141045789012047201e-01
1.135060668798025529e-01
1.129093723251294312e-01
1.123130526372684290e-01
1.117202806302380474e-01
1.111344856036829143e-01
1.105574610209914821e-01
1.099904653858255060e-01
1.094343889198869380e-01
1.088894878216719042e-01
1.083530915393495220e-01
1.078211764161241398e-01
1.072899810995881636e-01
1.067560583170760052e-01
1.062158897630166438e-01
1.056651656451715188e-01
1.051006681322195629e-01
1.045212772019107200e-01
1.039261554936842386e-01
1.033144789393756202e-01
1.026853974207683762e-01
1.020379971189109558e-01
1.013712009990016955e-01
1.006828337566019194e-01
9.996995442621962880e-02
9.922974723328745195e-02
9.845960386845559187e-02
9.765717322791310495e-02
9.682040460109520019e-02
9.594761652688689468e-02
9.503775563093795620e-02
9.409019133545096225e-02
9.310321673004835763e-02
9.207389744456224989e-02
9.099939639697759985e-02
8.987704044895887534e-02
8.870435502602995459e-02
8.747923124361467462e-02
8.619987121369360183e-02
8.486475141269593514e-02
8.347277248681608808e-02
8.202372911713107229e-02
8.051786962219945054e-02
7.895568547915067514e-02
7.733776605901941659e-02
7.566494523158956431e-02
7.393847981439466421e-02
7.216004900064110217e-02
7.033174617760706848e-02
6.845601140065905865e-02
6.653561755516181064e-02
6.457387522748543607e-02
6.257464116468383630e-02
6.054198145742716031e-02
5.848012690744897740e-02
5.639345837037561260e-02
5.428649000033582139e-02
5.216435617040385969e-02
5.003387955048580610e-02
4.790180563049142859e-02
4.577469049771296788e-02
4.365902431686196489e-02
4.156118915411460141e-02
3.948740421551004409e-02
3.744366357794150918e-02
3.543576761514526802e-02
3.346993950601263174e-02
3.155216407076113366e-02
2.968760753753814027e-02
2.788063069020018173e-02
2.613483025051902692e-02
2.445308651210153020e-02
2.283761503389506245e-02
2.129001542393867477e-02
1.981124285735140489e-02
1.840172995048192442e-02
1.706154216053940714e-02
1.579040673808777134e-02
1.458773383231949661e-02
1.345263601238103415e-02
1.238394756947202441e-02
1.138024804349595069e-02
1.044002431946896084e-02
9.561671796849639110e-03
8.743281170191212134e-03
7.982685187320060285e-03
7.277521593004538172e-03
6.625290105102242706e-03
6.023402629649039254e-03
5.469226485626572584e-03
4.960155718649442852e-03
4.493667629162077272e-03
4.067233314870009366e-03
3.678322835541308379e-03
3.324428405916750665e-03
3.003086304557549616e-03
2.711896573553673404e-03
2.448541210453840811e-03
2.210800071819173183e-03
1.996569174173647414e-03
1.803858727834517462e-03
1.630789728647467993e-03
1.475595563178630151e-03
1.336622174999206950e-03
1.212325553861210358e-03
1.101270069075547479e-03
1.002127363095106725e-03
9.136740260776532278e-04
8.347913312818876479e-04
7.644590220033288400e-04
7.017500331623680422e-04
6.458247397239873884e-04
5.959253617920418251e-04
5.513709352924158098e-04
5.115517073919699335e-04
4.759224731728477339e-04
4.439982741937279712e-04
4.153494615358274298e-04
3.895963414411674690e-04
3.664045884881790560e-04
3.454811608815894306e-04
3.265682224990048513e-04
3.094388379023512228e-04
2.938935658437309066e-04
2.797571660671868557e-04
2.668756014883376208e-04
2.551134222232615163e-04
2.443512970883236334e-04
2.344840501664548660e-04
2.254189521891047335e-04
2.170748574362113222e-04
2.093808804099127297e-04
2.022743471611688798e-04
1.956989826462433011e-04
1.896028386445515414e-04
1.839394818239496775e-04
1.786680008589642036e-04
1.737538130667711249e-04
1.691667407819868855e-04
1.648797171309711882e-04
1.608670457400139661e-04
1.571048325990522085e-04
1.535716694810786989e-04
1.502503714339876724e-04
1.471266367398103196e-04
1.441872328224591950e-04
1.414175767239143845e-04
1.388029593374286326e-04
1.363302506615834129e-04
1.339893645683311383e-04
1.317721669614482728e-04
1.296711585826303571e-04
1.276783384510531464e-04
1.257857965973815668e-04
1.239864487022481832e-04
1.222750400806401456e-04
1.206471411485800189e-04
1.190983339596833027e-04
1.176234123077585681e-04
1.162173291018712181e-04
1.148755586547745814e-04
1.135942276667844695e-04
1.123698134475494529e-04
1.111990977317355093e-04
1.100791333763795354e-04
1.090071818287481387e-04
1.079807852184568989e-04
1.069977167023759330e-04
1.060559231647041726e-04
1.051537535510013027e-04
1.042897944041533436e-04
1.034624494398105700e-04
1.026691963439863871e-04
1.019074310473516465e-04
1.011751977610880971e-04
1.004715655600791095e-04
9.979574027292465442e-05
9.914639808759988769e-05
9.852174470087513133e-05
9.792020637382270519e-05
9.734146893994807272e-05
9.678579564304321946e-05
9.625295804767087192e-05
9.574109977426422595e-05
9.524811687338857811e-05
9.477274023783242244e-05
9.431484878496889670e-05
9.387436611569326627e-05
9.345051530168261233e-05
9.304208410368779440e-05
9.264809969890280437e-05
9.226853355563030600e-05
9.190363525126197088e-05
9.155323990101037548e-05
9.121639924949192179e-05
9.089212509709630673e-05
9.057977212395858918e-05
9.027896771501337956e-05
8.998934313228738999e-05
8.971046634104051104e-05
8.944189787100314626e-05
8.918325905229799436e-05
8.893428053827754417e-05
8.869473208707695608e-05
8.846448646937080703e-05
8.824350250520208321e-05
8.803166620386634932e-05
8.782838516016950529e-05
8.763290706201511571e-05
8.744478702222111433e-05
8.726420007372917358e-05
8.709136088796574828e-05
8.692592436680851868e-05
8.676710307265501638e-05
8.661428022692102145e-05
8.646767963266722599e-05
8.632779942029767490e-05
8.619467314701110888e-05
8.606746120475708482e-05
8.594529507687769106e-05
8.582825380724176288e-05
8.571708726866442835e-05
8.561226991022861390e-05
8.551312894458392539e-05
8.541872323595532418e-05
8.532858282516500852e-05
8.524293080781267099e-05
8.516202058796526085e-05
8.508567977574206021e-05
8.501348120638506280e-05
8.494514353808715825e-05
8.488087674090714246e-05
8.482097427174354015e-05
8.476547008294444579e-05
8.471410561127588478e-05
8.466661141911571416e-05
8.462272568910011073e-05
8.458220057050213963e-05
8.454486575761785405e-05
8.451070833317994124e-05
8.447973796618698096e-05
8.445189130887946721e-05
8.442703276711144907e-05
8.440509472161926321e-05
8.438639706870776271e-05
8.437137064334770140e-05
8.436000995707647603e-05
8.435159963354700498e-05
8.434542470756140292e-05
8.434139963631424603e-05
8.433983223835552130e-05
8.434088827905848545e-05
8.434420017370813916e-05
8.434929909261828184e-05
8.435635494229421470e-05
8.436627341622111279e-05
8.437980296035854936e-05
8.439644108226379516e-05
8.441519085606358946e-05
8.443543879517628780e-05
8.445737831352138696e-05
8.448129806396400632e-05
8.450716651735449344e-05
8.453469419377145067e-05
8.456369764959115621e-05
8.459449117601762057e-05
8.462750601537721113e-05
8.466287545161117116e-05
8.470033296319182049e-05
8.473959931502973535e-05
8.478050836659819167e-05
8.482295680749638727e-05
8.486688302937219462e-05
8.491230817470030688e-05
8.495926355287575563e-05
8.500770924316356956e-05
8.505753591995451424e-05
8.510867605885787481e-05
8.516130902911941242e-05
8.521568282556935133e-05
8.527179128713799025e-05
8.532924429955532602e-05
8.538765762122242512e-05
8.544694812244384521e-05
8.550719320060703554e-05
8.556843999824895414e-05
8.563065081272617130e-05
8.569377531254721676e-05
8.575778120991647087e-05
8.582265281177872056e-05
8.588837426042938495e-05
8.595492408873219503e-05
8.602227947529975213e-05
8.609041901546021162e-05
8.615932320463133868e-05
8.622897308576158793e-05
8.629934976566213387e-05
8.637043458663871758e-05
8.644220936850587327e-05
8.651465646856079119e-05
8.658775867511271272e-05
8.666149915644449258e-05
8.673586145318858403e-05
8.681082949026943090e-05
8.688638757426053510e-05
8.696252037822915337e-05
8.703921292906509094e-05
8.711645059814127567e-05
8.719421909452394184e-05
8.727250445730626381e-05
8.735129304727920312e-05
8.743057153882337037e-05
8.751032691224409530e-05
8.759054644653994741e-05
8.767121771232724609e-05
8.775232856487685351e-05
8.783386713736769950e-05
8.791582183431428021e-05
8.799818132522483434e-05
8.808093453841282555e-05
8.816407065499618162e-05
8.824757910304116613e-05
8.833144955188247367e-05
8.841567190660073767e-05
8.850023630264709665e-05
8.858513310060770396e-05
8.867035288112232964e-05
8.875588643993160296e-05
8.884172478305911609e-05
8.892785912212006780e-05
8.901428086975807328e-05
8.910098163520009792e-05
8.918795321992336201e-05
8.927518761344660340e-05
8.936267698921791553e-05
8.945041370062346039e-05
8.953839027708236208e-05
8.962659942025456058e-05
8.971503400033864083e-05
8.980368705246661654e-05
8.989255177319489636e-05
8.998162151706312097e-05
9.007088979327064981e-05
9.016035026240980569e-05
9.024999673328990783e-05
9.033982315984347383e-05
9.042982363763743330e-05
9.051999219519626136e-05
9.061032246401612986e-05
9.070080811780151296e-05
9.079144295356860535e-05
9.088222088921196599e-05
9.097313596112671370e-05
9.106418232188968973e-05
9.115535423798012602e-05
9.124664608757348345e-05
9.133805235836413002e-05
9.142956764544625406e-05
9.152118664925557425e-05
9.161290417352176954e-05
9.170471512331175178e-05
9.179661450307742413e-05
9.188859741476429043e-05
9.198065905596520793e-05
9.207279471809731491e-05
9.216499978463960584e-05
9.225726972939351871e-05
9.234960011478180830e-05
9.244198659018830738e-05
9.253442489033577049e-05
9.262691083369053828e-05
9.271944032089896883e-05
9.281200933326997477e-05
9.290461393127627640e-05
9.299725025308902115e-05
9.308991451314898127e-05
9.318260300075672511e-05
9.327531207870065416e-05
9.336803818191550608e-05
9.346077781614903007e-05
9.355352755668025651e-05
9.364628404704614226e-05
9.373904399780318131e-05
9.383180418530480426e-05
9.392456145051023312e-05
9.401731269782098331e-05
9.411005489392422322e-05
9.420278506667216999e-05
9.429550030398320989e-05
9.438819775275955289e-05
9.448087461782045903e-05
9.457352816087131119e-05
9.466615569948214765e-05
9.475875460608125132e-05
9.485132230698149563e-05
9.494385628141765424e-05
9.503635406059574551e-05
9.512881322677163684e-05
9.522123141234436702e-05
9.531360629895563503e-05
9.540593561662262805e-05
9.549821714287568767e-05
9.559044870191894772e-05
9.568262816379456345e-05
9.577475344357708155e-05
9.586682250057777127e-05
9.595883333755659921e-05
9.605078399995645730e-05
9.614267257515027928e-05
9.623449719169867387e-05
9.632625601861711259e-05
9.641794726467972285e-05
9.650956917769470207e-05
9.660112004383344052e-05
9.669259818694842261e-05
9.678400196790267493e-05
9.687532978393419343e-05
9.696658006799410571e-05
9.705775128813457116e-05
9.714884194688243736e-05
9.723985058063689801e-05
9.733077575906353232e-05
9.742161608452452968e-05
9.751237019148641712e-05
9.760303674596208822e-05
9.769361444495428210e-05
9.778410201591761588e-05
9.787449821620722724e-05
9.796480183255870970e-05
9.805501168057830722e-05
9.814512660421569382e-05
9.823514547528682970e-05
9.832506719295832829e-05
9.841489068328512530e-05
9.850461489872459355e-05
9.859423881767159640e-05
9.868376144399835235e-05
9.877318180661526540e-05
9.886249895901131821e-05
9.895171197882770956e-05
9.904081996743483937e-05
9.912982204949777397e-05
9.921871737257778828e-05
9.930750510671921703e-05
9.939618444404218773e-05
9.948475459836636189e-05
9.957321480481895525e-05
9.966156431943861099e-05
9.974980241883447236e-05
9.983792839978684387e-05
9.992594157891095314e-05
1.000138412922906938e-04
1.001016268951318436e-04
1.001892977614191174e-04
1.002768532835858787e-04
1.003642928721742018e-04
1.004516159555094888e-04
1.005388219793896290e-04
