3.985747768994660906e-02
3.486060981849382207e-02
3.411174646371296221e-02
3.386838838694447573e-02
3.376853664617888995e-02
3.371843319312557707e-02
3.368462233681784879e-02
3.365918251467361205e-02
3.363990060810997940e-02
3.362541113974287094e-02
3.361429501643806161e-02
3.360634838526034562e-02
3.360073300030166216e-02
3.359650388885306732e-02
3.359372337134419739e-02
3.359177958853584028e-02
3.359036336375300497e-02
3.358951053047754681e-02
3.358899177488979676e-02
3.358865208281438391e-02
3.358845703281476691e-02
3.358846893728411470e-02
3.358866754090007734e-02
3.358893734059428121e-02
3.358920820942071922e-02
3.358950782678236241e-02
3.358989414049352862e-02
3.359039852023437689e-02
3.359102629381819499e-02
3.359174885385794035e-02
3.359254368542420599e-02
3.359340014076682424e-02
3.359431542876470389e-02
3.359529162032363903e-02
3.359633344433055752e-02
3.359744717336651809e-02
3.359863950027996288e-02
3.359991487678243294e-02
3.360127591288276233e-02
3.360272402707020073e-02
3.360425977867385894e-02
3.360588297744650232e-02
3.360759285930496609e-02
3.360938803608511799e-02
3.361126633904772815e-02
3.361322462106106079e-02
3.361525959189399365e-02
3.361736944601262378e-02
3.361955365739516255e-02
3.362181328667657176e-02
3.362415134943785855e-02
3.362657315190772239e-02
3.362908690655843497e-02
3.363170443344209309e-02
3.363444070894450882e-02
3.363731234593150821e-02
3.364032511085607302e-02
3.364347680862665724e-02
3.364676259387316959e-02
3.365017495627525834e-02
3.365370371771191776e-02
3.365733671615716432e-02
3.366107479347845571e-02
3.366493530581633059e-02
3.366893601574792033e-02
3.367309151825996494e-02
3.367741842017395876e-02
3.368192587241485014e-02
3.368660340306830342e-02
3.369143653997797722e-02
3.369640910407141476e-02
3.370150381862900557e-02
3.370671363886177524e-02
3.371204299312941660e-02
3.371749842498982658e-02
3.372308827468690345e-02
3.372882152572854314e-02
3.373470673233639611e-02
3.374075339001846030e-02
3.374697213452045735e-02
3.375336755555765483e-02
3.375991962694763204e-02
3.376660136214707647e-02
3.377338386980571067e-02
3.378026031929886458e-02
3.378729209287485713e-02
3.379456000344170652e-02
3.380215228959860402e-02
3.381008828709893693e-02
3.381827188251328165e-02
3.382658574169922910e-02
3.383491652610298717e-02
3.384333577958813927e-02
3.385204979453079049e-02
3.386129146991545547e-02
3.387120256006278390e-02
3.388160161563379125e-02
3.389222284945438146e-02
3.390279428318145744e-02
3.391340893981186627e-02
3.392447817653395509e-02
3.393646825309788728e-02
3.394965242033031599e-02
3.396376853931338397e-02
3.397843886846717287e-02
3.399331633363626703e-02
3.400861702499554523e-02
3.402485805734641738e-02
3.404259722654077308e-02
3.406201936669993324e-02
3.408283836712280163e-02
3.410471544472002542e-02
3.412746887216312058e-02
3.415146049066360850e-02
3.417718418602534031e-02
3.420511248810306770e-02
3.423530413099402925e-02
3.426761046814318784e-02
3.430186929450149830e-02
3.433811381277810520e-02
3.437661292054600831e-02
3.441766404644162197e-02
3.446154450262136487e-02
3.450842862034862735e-02
3.455847319515321231e-02
3.461182441446164493e-02
3.466851719103381663e-02
3.472852179561269209e-02
3.479180572260703874e-02
3.485853426787649534e-02
3.492922841235640563e-02
3.500443771806018706e-02
3.508456854203880620e-02
3.516937242836132294e-02
3.525830037090735974e-02
3.535080013338796207e-02
3.544670116508855801e-02
3.554675344762431993e-02
3.565181339917128378e-02
3.576264786250115540e-02
3.587912662479850884e-02
3.600019247167583758e-02
3.612466114119508576e-02
3.625145157049759065e-02
3.638067128695008506e-02
3.651317562491812607e-02
3.664972409288439620e-02
3.679079559076293277e-02
3.693551217281251103e-02
3.708239000832001808e-02
3.723002642651246363e-02
3.737722809085899239e-02
3.752397307592251346e-02
3.767076536673654580e-02
3.781800472497579696e-02
3.796585724693805203e-02
3.811348538336090802e-02
3.825964467977716749e-02
3.840315986701839379e-02
3.854302364320575519e-02
3.867901981404204409e-02
3.881121315479317546e-02
3.893960035061559688e-02
3.906399436481554355e-02
3.918365615514867589e-02
3.929774205611979293e-02
3.940545518909922829e-02
3.950618586974082719e-02
3.959970830310989565e-02
3.968615866887240107e-02
3.976576768374432552e-02
3.983865079057638536e-02
3.990486431977711967e-02
3.996449504423718602e-02
4.001765861069497832e-02
4.006449771920092551e-02
4.010518309596577263e-02
4.013992571662820807e-02
4.016913510104665186e-02
4.019334541896019825e-02
4.021312691680796469e-02
4.022872438465689010e-02
4.024004350668394098e-02
4.024695850540688929e-02
4.024978243245652676e-02
4.024973478834663332e-02
4.024825147886284399e-02
4.024647673144841897e-02
4.024410632861614989e-02
4.024043608534681044e-02
4.023490229281063285e-02
4.022883498170495842e-02
4.022464493279062636e-02
4.022476011379919753e-02
4.022974957737741886e-02
4.023810994840983785e-02
4.024818721093795931e-02
4.025895547175632749e-02
4.027193316256956479e-02
4.028924331279992027e-02
4.031288236750143333e-02
4.034304592985503424e-02
4.037827161404104748e-02
4.041705103818846873e-02
4.045816734096134570e-02
4.050227280272176988e-02
4.055073693513262106e-02
4.060487573049773730e-02
4.066551801430275809e-02
4.073199923184474269e-02
4.080335091589703395e-02
4.087861597758554733e-02
4.095711378685420317e-02
4.103913923707069172e-02
4.112517030489468151e-02
4.121563880576899902e-02
4.131085077679221701e-02
4.141056212356932636e-02
4.151435342930411693e-02
4.162183838871361119e-02
4.173266790423925399e-02
4.184665774330430243e-02
4.196378222629496002e-02
4.208406059240928782e-02
4.220755286237116294e-02
4.233438792489905428e-02
4.246490228217266599e-02
4.259950106793095742e-02
4.273860366354701595e-02
4.288262337003006380e-02
4.303161566244941005e-02
4.318507511075281302e-02
4.334241939479571704e-02
4.350304584976172340e-02
4.366632785290989333e-02
4.383201337890153815e-02
4.400066922315040707e-02
4.417314750987758054e-02
4.435035280550446435e-02
4.453321410470061775e-02
4.472230049916729733e-02
4.491707249762395132e-02
4.511683730846591939e-02
4.532114949815765209e-02
4.552973771526312718e-02
4.574246123556564847e-02
4.596048402965648150e-02
4.618591576592991077e-02
4.642092238613955424e-02
4.666734256054356350e-02
4.692627753056611423e-02
4.719842535052216209e-02
4.748304711856616428e-02
4.777890989697385765e-02
4.808488870818432986e-02
4.840001694357653345e-02
4.872392773411140382e-02
4.905653700614823892e-02
4.939841755042367194e-02
4.975135021907913652e-02
5.011725197998610770e-02
5.049805618660042905e-02
5.089670747610299667e-02
5.131738457387571839e-02
5.176419778980111130e-02
5.224095623506313374e-02
5.275057826825032409e-02
5.329561397409128543e-02
5.387813270483791245e-02
5.449800582737959753e-02
5.515461682473161986e-02
5.584746954492042503e-02
5.657617032690035602e-02
5.734041280608982716e-02
5.813995910041795667e-02
5.897438169676556124e-02
5.984295745386490617e-02
6.074497281160042700e-02
6.167973708300691915e-02
6.264657251758959378e-02
6.364481029095597764e-02
6.467396383922231762e-02
6.573566985437127863e-02
6.683303962215796090e-02
6.796928226732831813e-02
6.914768796112813476e-02
7.037164034800096057e-02
7.164463163284989777e-02
7.296989646261181628e-02
7.434809640573390721e-02
7.577881230969768511e-02
7.726167240738462949e-02
7.879634298784327084e-02
8.038251532036622127e-02
8.201989318162020148e-02
8.370781350125032494e-02
8.544313552126758804e-02
8.722150980638507245e-02
8.903826433418129960e-02
9.088834081541435905e-02
9.276621578495285181e-02
9.466582886433191901e-02
9.658132561593515963e-02
9.851245595262930754e-02
1.004618033101409291e-01
1.024322152303292072e-01
1.044267963971536317e-01
1.064489141974615111e-01
1.085022042917401092e-01
1.105904944480328167e-01
1.127173362959675018e-01
1.148862927833457920e-01
1.171011540252395178e-01
1.193659452955130873e-01
1.216849347236262230e-01
1.240626413736996975e-01
1.265037196945685005e-01
1.290124054143285959e-01
1.315929180531144049e-01
1.342496773330393300e-01
1.369873059755994382e-01
1.398106317118798236e-01
1.427246887170088852e-01
1.457337942365402317e-01
1.488376931082688315e-01
1.520345059989413328e-01
1.553221293994230812e-01
1.586982068518140998e-01
1.621600975210069628e-01
1.657048426803061913e-01
1.693289692586326389e-01
1.730276261775030300e-01
1.767950712542794012e-01
1.806249504140471640e-01
1.845102364036000919e-01
1.884431632812997026e-01
1.924151568311281701e-01
1.964186679128103741e-01
2.004586251945381370e-01
2.045461624846491022e-01
2.086935837075373779e-01
2.129143453387422613e-01
2.172230581515464110e-01
2.216354903064406134e-01
2.261666539704430268e-01
2.308208013654552693e-01
2.355978929704943270e-01
2.404977141779486294e-01
2.455198559045594919e-01
2.506636873420515221e-01
2.559283277615229668e-01
2.613108149069708896e-01
2.667973545646298295e-01
2.723688735450134901e-01
2.780041211526079747e-01
2.836794118220719585e-01
2.893683554681509285e-01
2.950415777894309644e-01
3.006685327833534260e-01
3.062259897443970202e-01
3.116919394290673107e-01
3.170425848143421654e-01
3.222522590496593176e-01
3.272933515127599557e-01
3.321362528830893446e-01
3.367515367861993458e-01
3.411135902275351239e-01
3.451967357338601716e-01
3.489742130563205369e-01
3.524174583468691613e-01
3.554961880665075125e-01
3.581802474167413708e-01
3.604579508729829351e-01
3.623297902413991634e-01
3.637983212591958671e-01
3.648699188692742790e-01
3.655617202763658535e-01
3.658970113566125115e-01
3.658795714317270575e-01
3.655008860685893257e-01
3.647477898989031075e-01
3.635963558948253072e-01
3.620182641474622987e-01
3.599802028368523921e-01
3.574592685687495996e-01
3.544488552376655610e-01
3.509523945133093958e-01
3.469659813940799142e-01
3.424749669739530211e-01
3.375521270245082084e-01
3.323443461258623333e-01
3.270191069411609308e-01
3.217458141214891154e-01
3.166820877090560926e-01
3.119328384193795212e-01
3.075522595564176842e-01
3.035695304077030698e-01
3.000168337075037051e-01
2.969557079891809726e-01
2.944395608883103033e-01
2.925013123287856787e-01
2.911395626596003372e-01
2.903428067044175331e-01
2.900892210229991108e-01
2.902865951282772583e-01
2.908420662123898937e-01
2.916790929527499632e-01
2.927250239370679519e-01
2.939098807369027178e-01
2.951788338482884133e-01
2.964937112049841339e-01
2.978130456644019208e-01
2.990895522890603120e-01
3.002736260417345204e-01
3.013215335576159282e-01
3.022608392293595347e-01
3.031569756185654163e-01
3.040827843247239093e-01
3.051219424414579051e-01
3.063587029245011806e-01
3.078460863961613447e-01
3.095768119427575460e-01
3.115367606047664828e-01
3.137124770784721073e-01
3.160894239631670821e-01
3.186517691857532752e-01
3.213781213012625315e-01
3.242407956935011715e-01
3.272126321269826499e-01
3.302668160262853814e-01
3.333763818199150797e-01
3.365148133353702553e-01
3.396763166300287295e-01
3.428755925011977013e-01
3.461301767097386128e-01
3.494586948704486162e-01
3.528801363007985081e-01
3.564134029535818149e-01
3.600717945261286967e-01
3.638636753789943334e-01
3.677972533850726866e-01
3.718807515220325932e-01
3.761224149398606498e-01
3.805304382136725505e-01
3.851111178222558218e-01
3.898685589748690505e-01
3.948065017795888143e-01
3.999288170567805722e-01
4.052395344886789985e-01
4.107428050986647872e-01
4.164395963822542512e-01
4.223249017571669151e-01
4.283931057242089668e-01
4.346385706613483668e-01
4.410555801899135320e-01
4.476382844681702777e-01
4.543808740267678559e-01
4.612785132376326369e-01
4.683265183790554786e-01
4.755199309257330254e-01
4.828534798772029513e-01
4.903215431812286695e-01
4.979182485088571863e-01
5.056412238866799802e-01
5.134921900956762597e-01
5.214729939416152815e-01
5.295853840639564991e-01
5.378310398666363845e-01
5.462115690593600803e-01
5.547275610245735455e-01
5.633758235729401376e-01
5.721519633001387328e-01
5.810512460999399664e-01
5.900685697662947371e-01
5.991984355477449897e-01
6.084348408669326691e-01
6.177698095030499381e-01
6.271934108795674812e-01
6.366949776815107320e-01
6.462631049213461987e-01
6.558855992287013770e-01
6.655493989001937116e-01
6.752210643325186057e-01
6.848086470383779600e-01
6.941997841213107812e-01
7.032672189744577640e-01
7.118646189261360613e-01
7.198210706509898804e-01
7.269492185184359689e-01
7.331158148754901571e-01
7.382000744492385191e-01
7.420665357098843451e-01
7.445630243442390439e-01
7.455186089911379765e-01
7.448049294352493410e-01
7.424277093430868835e-01
7.384651847836318783e-01
7.330748526590296077e-01
7.265053479779652879e-01
7.190616058564613944e-01
7.110605933762439435e-01
7.028670670518641916e-01
6.948765583883249608e-01
6.874559200748421306e-01
6.807561701883596550e-01
6.747702542889197908e-01
6.694291821711940704e-01
6.646357917273654214e-01
6.602762706433015216e-01
6.562824739644483873e-01
6.526220430084856972e-01
6.492678842230698022e-01
6.462143789384648951e-01
6.434821305090929755e-01
6.411026297410951091e-01
6.391218404285392563e-01
6.375864038877305795e-01
6.365285234630719824e-01
6.359612399489373846e-01
6.358796404804897273e-01
6.362613040401334796e-01
6.370819299103398503e-01
6.383225892750497010e-01
6.399602596627917972e-01
6.419574109582559807e-01
6.442796198399092233e-01
6.469043086218815297e-01
6.498126117311512351e-01
6.529865543117737703e-01
6.564152098778124333e-01
6.600907027643028169e-01
6.640053613146342792e-01
6.681515825679480436e-01
6.725185086540801382e-01
6.770991445935259367e-01
6.818989665488200957e-01
6.869253955822930413e-01
6.921866071851234814e-01
6.976915098519562708e-01
7.034493364807293814e-01
7.094648337234062963e-01
7.157398577407485529e-01
7.222783926944311705e-01
7.290866296129594470e-01
7.361710149226426969e-01
7.435370239420870941e-01
7.511828635986564917e-01
7.591039030157480383e-01
7.672956881217323222e-01
7.757539250661413810e-01
7.844744547062969531e-01
7.934553035577044389e-01
8.027059882169108596e-01
8.122400481118382531e-01
8.220708713933109202e-01
8.322113997577171851e-01
8.426748006073473407e-01
8.534748226645960667e-01
8.646271574387377479e-01
8.761483924376984866e-01
8.880553681894546303e-01
9.003652155857826411e-01
9.130953975719789950e-01
9.262627573031372297e-01
9.398716051323947607e-01
9.539174705880606453e-01
9.683958137287247414e-01
9.833021339100022074e-01
9.986318966739647918e-01
1.014380415248608669e+00
1.030538369577752356e+00
1.047087843310301913e+00
1.064009102349051883e+00
1.081281214890427611e+00
1.098881831424267874e+00
1.116786955272259130e+00
1.134968607184924316e+00
1.153381283971258275e+00
1.171968779138474304e+00
1.190669599424599268e+00
1.209416122124305160e+00
1.228133615301148174e+00
1.246739140718276850e+00
1.265141976027757575e+00
1.283243206491586852e+00
1.300932109060502606e+00
1.318083993407417998e+00
1.334557754480123481e+00
1.350192774235283277e+00
1.364792835742302479e+00
1.378100347559322092e+00
1.389807176402568567e+00
1.399544979881365281e+00
1.406866187260213952e+00
1.411217443092366075e+00
1.411878976975043942e+00
1.407889817094208018e+00
1.397954171872457740e+00
1.380231699572790127e+00
1.351851403197947610e+00
1.307855172383369569e+00
1.237440130918928016e+00
1.101126773343400256e+00
7.951961497220563346e-04
8.238850220474650942e-04
8.531570385019535824e-04
8.829243515546180907e-04
9.130705704881196191e-04
9.434413512722435472e-04
9.738343411271347056e-04
1.003984387344303416e-03
1.033540970397894962e-03
1.062033549672460964e-03
1.088830752361881178e-03
1.113241315499383620e-03
1.134480273615578539e-03
1.151530650164048035e-03
1.163038003848647665e-03
1.167133782694937828e-03
1.161056342193242646e-03
1.138483602589652685e-03
1.077394853626911309e-03
7.263513248075085518e-04
7.014613797503227791e-04
7.057355720626887555e-04
7.205643351895264521e-04
7.418093234141557657e-04
7.678655374170142729e-04
7.979849503176509153e-04
8.317996616481990483e-04
8.691227998546183610e-04
9.097871262184302477e-04
9.537026233791358115e-04
1.000860520430526266e-03
1.051302070454199385e-03
1.105100542664251995e-03
1.162351609586673726e-03
1.223177414647337938e-03
1.287725702250241229e-03
1.356165950253767488e-03
1.428652678712385863e-03
1.505290532204966352e-03
1.586152420404164133e-03
1.671331813499326354e-03
1.761056990176671985e-03
1.855608110077156935e-03
1.955244902184345539e-03
2.059891938440144062e-03
2.169301955695320840e-03
2.283208454536754702e-03
2.401471188831725938e-03
2.524060247506956615e-03
2.650980238871968042e-03
2.782481919012041657e-03
2.919403410307894100e-03
3.062715916770115260e-03
3.213465068901227590e-03
3.372386753971285366e-03
3.539718203907991044e-03
3.715626367043449105e-03
3.900274218314794643e-03
4.094126629403949114e-03
4.297836956927795007e-03
4.176752188322278500e-03
4.039576672909482927e-03
3.903564151917204069e-03
3.770144364752457417e-03
3.645188688117390486e-03
3.522931776261438788e-03
3.389467453524207946e-03
3.249572420044267215e-03
3.120044771879832389e-03
2.994320287726061694e-03
2.852255873396006714e-03
2.699976991889166053e-03
2.557137758870020768e-03
2.417041248757162853e-03
2.260652935729202603e-03
2.086616478834255137e-03
1.904772357928750763e-03
1.740349849567231861e-03
1.618560439798422297e-03
1.542470365966968531e-03
1.505912916873796813e-03
1.490528814492949510e-03
1.474806310071136899e-03
1.458505029235837840e-03
1.449811208769224632e-03
1.446396185327995104e-03
1.442149895128779901e-03
1.436754443084848482e-03
1.432006754585221555e-03
1.427792659474147159e-03
1.423413391329946421e-03
1.419077095870047720e-03
1.415199569345610168e-03
1.411561316838230327e-03
1.407833451852685304e-03
1.404197644846889902e-03
1.400907164123664809e-03
1.397814488926057454e-03
1.394724462027373355e-03
1.391733545235676085e-03
1.388968090485677735e-03
1.386361127729760162e-03
1.383827817703405655e-03
1.381396246568160433e-03
1.379109139829925524e-03
1.376968756825679065e-03
1.374961249241899320e-03
1.373048816588658648e-03
1.371215152351409113e-03
1.369523671869931529e-03
1.368008475987995314e-03
1.366577463548997694e-03
1.365177033592553189e-03
1.363915573164178061e-03
1.362853303829270795e-03
1.361862393670483073e-03
1.360874794684469469e-03
1.360032529268727104e-03
1.359412248142912415e-03
1.358876400129666560e-03
1.358348706314900338e-03
1.357944121732470493e-03
1.357725534413897631e-03
1.357602105208118980e-03
1.357526743750719824e-03
1.357571262698943453e-03
1.357775141047256207e-03
1.358094082407028478e-03
1.358502716825576257e-03
1.359024374272789102e-03
1.359675128648717840e-03
1.360450486668596942e-03
1.361346325758613484e-03
1.362362432510963233e-03
1.363508845022563679e-03
1.364810632188358025e-03
1.366272215660654455e-03
1.367864811111503803e-03
1.369583233980224040e-03
1.371461139317068333e-03
1.373516851421421837e-03
1.375741601755932179e-03
1.378111449185907226e-03
1.380586732623352445e-03
1.383285087623525129e-03
1.386534196133528286e-03
1.389951082143602631e-03
1.392153938482040918e-03
1.393194031219602584e-03
1.395193994859912634e-03
1.397590230212826220e-03
1.395876507446958256e-03
1.388915966958670584e-03
1.380699875401383099e-03
1.372325444436101613e-03
1.360283677933230061e-03
1.342921347992885768e-03
1.321764005056848181e-03
1.298608126263405904e-03
1.275246813279701675e-03
1.252531452567216212e-03
1.229938815560172429e-03
1.207258318721436945e-03
1.184949740624835360e-03
1.163077173812531416e-03
1.140945237473478362e-03
1.118408009327876785e-03
1.096434938875892693e-03
1.075264296468347088e-03
1.053476753640198230e-03
1.030536382657280293e-03
1.008216856919807178e-03
9.872925003012130753e-04
9.654344717693637409e-04
9.412746949629426357e-04
9.172533824215278568e-04
8.950046383520921314e-04
8.717863647638596789e-04
8.453722577589933449e-04
8.182537697481418685e-04
7.926934578122252174e-04
7.659117543669558166e-04
7.348515865449421888e-04
7.008923729792497503e-04
6.663285352096994700e-04
6.315316413600698250e-04
5.961263753321317934e-04
5.590709469734991268e-04
5.198700767565783828e-04
4.823652684766285771e-04
4.516694637821668879e-04
4.336097295458356368e-04
4.317133553276745290e-04
4.386406049748516425e-04
4.447416861113902666e-04
4.485713449084221204e-04
4.529131034431176702e-04
4.584501344401267862e-04
4.643854143685184404e-04
4.704752096139201722e-04
4.770279386955505823e-04
4.842102553215834834e-04
4.919656490920368708e-04
5.002862978884877083e-04
5.092951882440347215e-04
5.191219804925126940e-04
5.298321874526751730e-04
5.414951000375515036e-04
5.542504775226546115e-04
5.682770850451582603e-04
5.837453328262470200e-04
6.008309158718344329e-04
6.197534276946276661e-04
6.407893509659464163e-04
6.642602317496272600e-04
6.905270562469897292e-04
7.199934581741512232e-04
7.530918836154353816e-04
7.902836527040461075e-04
8.321752350146976920e-04
8.795517487376489302e-04
9.333341952132760645e-04
9.945615093943050919e-04
1.064420821806134594e-03
1.144301043192049241e-03
1.235870105606008988e-03
1.341062581940193369e-03
1.462072672205533882e-03
1.601333766477121712e-03
1.761637963270937550e-03
1.946243893360692775e-03
2.159046533913311968e-03
2.404517534688898305e-03
2.687042650660517382e-03
3.011195270194012927e-03
3.381956004600856353e-03
3.804863835419719856e-03
4.286123993022209790e-03
4.832786440972711844e-03
5.452863157095930516e-03
6.155389879100410348e-03
6.950525546851741773e-03
7.851080757527396578e-03
8.875509942983779779e-03
1.004669583458336034e-02
1.139265642167379931e-02
1.294799838395038934e-02
1.475558875054966412e-02
1.686879911390391437e-02
1.935439853471598859e-02
2.229635726968006923e-02
2.579743144948811601e-02
2.995150677775571674e-02
3.484436180003384897e-02
4.056204152046903599e-02
4.718536577482121408e-02
5.478204662547759424e-02
6.339608644572240770e-02
7.303451136816466183e-02
8.365178319742848367e-02
9.513560513143232145e-02
1.073497830898943045e-01
1.201477976803676795e-01
1.333341792691118410e-01
1.466616952532340812e-01
1.598331047490575696e-01
1.725066019778192239e-01
1.843055388303390385e-01
1.948326963110330046e-01
2.037022827180058338e-01
2.107559683751199231e-01
2.160659568600539482e-01
2.197924290262222302e-01
2.221623291159555147e-01
2.234545615348020875e-01
2.239875286307169144e-01
2.241069123593405210e-01
2.241806996299181565e-01
2.245093556428700010e-01
2.251081644600887999e-01
2.259263868325384617e-01
2.269062846745594497e-01
2.279824894908913935e-01
2.290926778248484896e-01
2.301771995687823258e-01
2.311754846913764705e-01
2.320341569604096599e-01
2.327571447172928909e-01
2.333666037589247899e-01
2.338854050677854346e-01
2.343397835484105352e-01
2.347611272367134683e-01
2.351877271239141420e-01
2.356644512114012546e-01
2.362292702941935496e-01
2.368823623032969561e-01
2.376130424543362318e-01
2.384083600766883360e-01
2.392543889326441131e-01
2.401370662925488009e-01
2.410426046074339856e-01
2.419576856083004157e-01
2.428800475534715342e-01
2.438196190531416452e-01
2.447872024029049409e-01
2.457939580483479158e-01
2.468514160466075136e-01
2.479714073462048751e-01
2.491660405117435417e-01
2.504515027182674380e-01
2.518568423363468090e-01
2.534149062615616010e-01
2.551601698118374784e-01
2.571289922669119932e-01
2.593599356758517493e-01
2.618941547702809958e-01
2.647706796672180118e-01
2.679973986011941478e-01
2.715693017630407824e-01
2.754813621339012308e-01
2.797283943854455002e-01
2.843048749334887160e-01
2.892047579269916846e-01
2.944202258591873678e-01
2.999334044367428787e-01
3.057197610448486591e-01
3.117519510287636297e-01
3.179995300506963662e-01
3.244286595268432993e-01
3.310018441530787059e-01
3.376826091441714750e-01
3.444660356726947925e-01
3.513620621516927445e-01
3.583815247681685912e-01
3.655361443743006533e-01
3.728385721018673826e-01
3.803024396438836607e-01
3.879405376805774019e-01
3.957581277800410469e-01
4.037582938344502215e-01
4.119441108138481300e-01
4.203186403718887076e-01
4.288849261480489061e-01
4.376459603405556953e-01
4.465987915654485163e-01
4.557265261854766547e-01
4.650086100356748964e-01
4.744224062142074483e-01
4.839431132181983286e-01
4.935436960222237546e-01
5.031921341173254403e-01
5.127934738521772173e-01
5.221854686928073530e-01
5.311919050265161424e-01
5.396262099799924439e-01
5.472933958552959055e-01
5.539927218186976310e-01
5.595460322128474884e-01
5.639291786950173524e-01
5.671830710121006369e-01
5.693572897170077196e-01
5.705088465012068122e-01
5.707010204296428801e-01
5.700023194569251439e-01
5.685065363109055303e-01
5.663553199781297121e-01
5.636962026698350003e-01
5.606752566190476017e-01
5.574361006907346816e-01
5.541193105292433474e-01
5.508573107310454908e-01
5.476896878264546631e-01
5.445767465195801016e-01
5.414770176297262205e-01
5.383499854906139692e-01
5.351561451981721174e-01
5.318570940975104744e-01
5.284222044121991146e-01
5.248584744237692057e-01
5.211855346319559379e-01
5.174225896251581913e-01
5.135883628810788970e-01
5.097010624518296673e-01
5.057782820480072328e-01
5.018234094347678864e-01
4.978103274352161378e-01
4.937102431610112530e-01
4.894957831382730218e-01
4.851411107382871402e-01
4.806220601358449640e-01
4.759168424004938114e-01
4.710190483617482382e-01
4.659371680133501670e-01
4.606806730631944902e-01
4.552593297687367868e-01
4.496831714120190227e-01
4.439624697334108583e-01
