4.094209033076266768e-02
3.694010129158630668e-02
3.588302950747105508e-02
3.536625631525830427e-02
3.506977226120282926e-02
3.489174536681181188e-02
3.477967285873466430e-02
3.470195910423053143e-02
3.464293983749858197e-02
3.459443141915063968e-02
3.455261752921159890e-02
3.451510489435307555e-02
3.448155169325928249e-02
3.445157237172393611e-02
3.442498381035472704e-02
3.440134774022337444e-02
3.438042489306659955e-02
3.436201718173339387e-02
3.434568245571741757e-02
3.433125460828752307e-02
3.431875581567501998e-02
3.430771911284025144e-02
3.429786253103123128e-02
3.428931057757404061e-02
3.428202221051559334e-02
3.427568449516004562e-02
3.427006001499832699e-02
3.426510710074917587e-02
3.426083354116551960e-02
3.425720697356027938e-02
3.425413813626223408e-02
3.425152783733358131e-02
3.424930210673489406e-02
3.424740415832391860e-02
3.424579285656531580e-02
3.424443497595229535e-02
3.424329681769266304e-02
3.424234559118559396e-02
3.424155047570055094e-02
3.424088310160081083e-02
3.424031766113376507e-02
3.423983085701575585e-02
3.423940165108725620e-02
3.423901079961817057e-02
3.423864237270769079e-02
3.423828940404367166e-02
3.423794857870870317e-02
3.423761807112433997e-02
3.423729733599917280e-02
3.423698693261295611e-02
3.423668837628659339e-02
3.423640401563220192e-02
3.423613693679799369e-02
3.423589089725292967e-02
3.423567029205298873e-02
3.423548015528550537e-02
3.423532619871202942e-02
3.423521488867944940e-02
3.423515356087243611e-02
3.423515071838548890e-02
3.423521650618856216e-02
3.423536124845453360e-02
3.423559472523830111e-02
3.423592576452597069e-02
3.423636178939663127e-02
3.423690832721074800e-02
3.423756848856724516e-02
3.423834242436915587e-02
3.423922676972576684e-02
3.424021514829950902e-02
3.424131000653511669e-02
3.424252291174054857e-02
3.424386912514749970e-02
3.424536799631144185e-02
3.424704575379598770e-02
3.424894127513036096e-02
3.425110090613393832e-02
3.425356003607410438e-02
3.425632067106781919e-02
3.425937485232757873e-02
3.426270775974519373e-02
3.426629745799245758e-02
3.427011478848716181e-02
3.427413376800232669e-02
3.427838106904533555e-02
3.428290704332777328e-02
3.428776817670108751e-02
3.429302653139430085e-02
3.429874882841909417e-02
3.430497314962002026e-02
3.431165962400992836e-02
3.431875202141797254e-02
3.432618934597339577e-02
3.433390651826647572e-02
3.434184354849676574e-02
3.434999877730620516e-02
3.435839786936055462e-02
3.436706846637997692e-02
3.437603966814059553e-02
3.438533598927392271e-02
3.439493429264939284e-02
3.440478604418404501e-02
3.441484102416213220e-02
3.442504761681981079e-02
3.443535952011992501e-02
3.444576740191276909e-02
3.445627551622198331e-02
3.446689022870515900e-02
3.447762010029209456e-02
3.448846397557748383e-02
3.449939973769450274e-02
3.451040283559075883e-02
3.452144847748633838e-02
3.453251258854523470e-02
3.454357954985214779e-02
3.455463927785144135e-02
3.456568371868702638e-02
3.457670712401925139e-02
3.458771510536981508e-02
3.459873541312483841e-02
3.460980476550917090e-02
3.462096513917326673e-02
3.463224690469324241e-02
3.464363979389747245e-02
3.465512422900964701e-02
3.466667710595813801e-02
3.467829432022204172e-02
3.469006569841419363e-02
3.470211628164952822e-02
3.471458389651842225e-02
3.472758816699838408e-02
3.474109696176479189e-02
3.475501680436210439e-02
3.476924164454929522e-02
3.478369464661354438e-02
3.479852772703727337e-02
3.481398841722593840e-02
3.483033878002508854e-02
3.484779453581532405e-02
3.486626595518908106e-02
3.488554979368733294e-02
3.490542920402137789e-02
3.492575449059984183e-02
3.494675182938086766e-02
3.496877723952749456e-02
3.499220819526121379e-02
3.501733039435840633e-02
3.504401591189578585e-02
3.507202428583952591e-02
3.510109757041431772e-02
3.513109593813315557e-02
3.516231121363738721e-02
3.519515018150924657e-02
3.523005412126387070e-02
3.526734042176669220e-02
3.530693201678183207e-02
3.534867347342104255e-02
3.539239067830275698e-02
3.543803916388323788e-02
3.548593778488772638e-02
3.553648729518553429e-02
3.559012605300723719e-02
3.564724055646779910e-02
3.570795396460980931e-02
3.577234057262623085e-02
3.584046857437184208e-02
3.591244691341189538e-02
3.598854559348840104e-02
3.606907585391125326e-02
3.615435513922560934e-02
3.624470644079163389e-02
3.634045747304483209e-02
3.644194280509807649e-02
3.654950475352160971e-02
3.666348892821535282e-02
3.678413721794149965e-02
3.691155047267254130e-02
3.704582477155462378e-02
3.718706428882906367e-02
3.733539462553604055e-02
3.749117400910590564e-02
3.765496021769091511e-02
3.782731654101477436e-02
3.800880198520258102e-02
3.819996640099333068e-02
3.840117430991295960e-02
3.861249123021719132e-02
3.883392297193412335e-02
3.906546665101164051e-02
3.930714266179941019e-02
3.955899459479461644e-02
3.982121807978264427e-02
4.009431763777256130e-02
4.037881846069520803e-02
4.067521673440908925e-02
4.098397707479732588e-02
4.130553097754830622e-02
4.164027261958485465e-02
4.198852090149968186e-02
4.235041077007957455e-02
4.272596023418012701e-02
4.311520942277460855e-02
4.351822290466130644e-02
4.393508705507605250e-02
4.436590771758404383e-02
4.481080810131020387e-02
4.526992686953982409e-02
4.574341434636963744e-02
4.623140694329400807e-02
4.673403181490679709e-02
4.725142147962364120e-02
4.778372076475157632e-02
4.833109658992297553e-02
4.889370881173892708e-02
4.947170589923471223e-02
5.006522654663796146e-02
5.067440164618829124e-02
5.129948844285415338e-02
5.194107433404159674e-02
5.259983543032468317e-02
5.327649577095656258e-02
5.397182968718712559e-02
5.468666411264663796e-02
5.542188076816882691e-02
5.617841813534401457e-02
5.695727261557848031e-02
5.775927479261726977e-02
5.858470185506352984e-02
5.943371685078517597e-02
6.030645387009947456e-02
6.120301636708618681e-02
6.212347556062922799e-02
6.306786896119002950e-02
6.403619905543304902e-02
6.502841334523673522e-02
6.604404284757889321e-02
6.708220786946804404e-02
6.814194261227617122e-02
6.922221387158679351e-02
7.032192713198963385e-02
7.143994174451184787e-02
7.257507652384445618e-02
7.372609977645214197e-02
7.489140502503099928e-02
7.606844617518551677e-02
7.725442165028398311e-02
7.844642719579462964e-02
7.964147573745052056e-02
8.083651958100471213e-02
8.202847459682757747e-02
8.321424582516323554e-02
8.439079877973053312e-02
8.555574483065139790e-02
8.670716695916334815e-02
8.784319113369060128e-02
8.896198231909908938e-02
9.006174793267072987e-02
9.114073891069024436e-02
9.219724858339686802e-02
9.322960983658019896e-02
9.423624164779995094e-02
9.521688261486330185e-02
9.617268968450641553e-02
9.710489214084343235e-02
9.801471935588010331e-02
9.890340493460941795e-02
9.977218715135138805e-02
1.006223074202137885e-01
1.014550086262325096e-01
1.022715326316391699e-01
1.030727952228970706e-01
1.038581417217662867e-01
1.046255698608997697e-01
1.053729636554689153e-01
1.060981650984348656e-01
1.067989584910135764e-01
1.074732377307469205e-01
1.081199644655935765e-01
1.087386453306115747e-01
1.093289821242793142e-01
1.098908778371812389e-01
1.104243139151664804e-01
1.109280342374681649e-01
1.113999062033045329e-01
1.118377280473837748e-01
1.122392253001181506e-01
1.126028434254596478e-01
1.129287078503870140e-01
1.132173531995350896e-01
1.134695294961455547e-01
1.136852631582072753e-01
1.138631907244478519e-01
1.140017925017423744e-01
1.140996559854157016e-01
1.141569946097935329e-01
1.141755197008876843e-01
1.141571197726536369e-01
1.141033516906469203e-01
1.140154195952484406e-01
1.138944795603976518e-01
1.137411253372282161e-01
1.135553122907333456e-01
1.133369750044275204e-01
1.130881227908422937e-01
1.128125690543608228e-01
1.125136284909558776e-01
1.121896508149132637e-01
1.118365980725625486e-01
1.114532143327646302e-01
1.110465270196187432e-01
1.106247760454553974e-01
1.101872453503370125e-01
1.097249634986208755e-01
1.092319071990164731e-01
1.087178484520471694e-01
1.081966028738670232e-01
1.076687831837205983e-01
1.071217477637618626e-01
1.065468434779856532e-01
1.059544973016040559e-01
1.053592431241428540e-01
1.047612123647138904e-01
1.041495757133995698e-01
1.035193867847786220e-01
1.028810108741342738e-01
1.022461720793361034e-01
1.016149088136132361e-01
1.009816750696437698e-01
1.003459829575148732e-01
9.971516735251736985e-02
9.909662276558459104e-02
9.849336015537708822e-02
9.790707530877075515e-02
9.733949094981014794e-02
9.679222199047296527e-02
9.626614455813520266e-02
9.576554465340193778e-02
9.529594328975535267e-02
9.485889539134223503e-02
9.444785501920469062e-02
9.405560013622810134e-02
9.368131666108855948e-02
9.333340770372247630e-02
9.301980842483363598e-02
9.274010108390388918e-02
9.248370689087109797e-02
9.224043090661940281e-02
9.200578929293978803e-02
9.178813218441508881e-02
9.159692662131535545e-02
9.143856651160112148e-02
9.130689987257281648e-02
9.119153045366966415e-02
9.108279235125660289e-02
9.097589957740832844e-02
9.087721946057418509e-02
9.079636844831628917e-02
9.074253313510041719e-02
9.071848798165968453e-02
9.072067737664010756e-02
9.074611181490063738e-02
9.079265796095264962e-02
9.086198253145519321e-02
9.096092833393115695e-02
9.109568881837687426e-02
9.126890225849070004e-02
9.148146618414182418e-02
9.173113774437680057e-02
9.201444915901861588e-02
9.232822698572880349e-02
9.266952632800673495e-02
9.303557424541139542e-02
9.342437815214288399e-02
9.383469226541207853e-02
9.426460953775475660e-02
9.471197753304026745e-02
9.517447939590682748e-02
9.564965866342631240e-02
9.613479720658348049e-02
9.662652392691520320e-02
9.712126448537972134e-02
9.761579468740200216e-02
9.811013164375337325e-02
9.860589301778896476e-02
9.910480832805254603e-02
9.960879104550544871e-02
1.001200024945820971e-01
1.006407183455159809e-01
1.011733101430711268e-01
1.017202221922937355e-01
1.022832355075778688e-01
1.028632095103072935e-01
1.034610418772279050e-01
1.040778050872786242e-01
1.047145711213976066e-01
1.053723889384799717e-01
1.060522836595043927e-01
1.067552562187965848e-01
1.074820322053489791e-01
1.082325878616776788e-01
1.090065679005574745e-01
1.098033063307669449e-01
1.106221177166999969e-01
1.114623288378241706e-01
1.123232743743196732e-01
1.132042918149597094e-01
1.141046856397814752e-01
1.150235815764503317e-01
1.159600475824657667e-01
1.169131709147668424e-01
1.178822970003019915e-01
1.188669639030570102e-01
1.198667019262461136e-01
1.208810309276587280e-01
1.219094953789393726e-01
1.229520360216796449e-01
1.240088615713096643e-01
1.250801857304065234e-01
1.261662205611040755e-01
1.272671743176032044e-01
1.283832346967183902e-01
1.295142992776537050e-01
1.306600529121431931e-01
1.318216424496943262e-01
1.330018629523941898e-01
1.342036472148820103e-01
1.354299937530463738e-01
1.349808817880423228e-01
1.343629265733988221e-01
1.337819462887305522e-01
1.332449778118221240e-01
1.327554455477753803e-01
1.323091843643477705e-01
1.319002263478211701e-01
1.315227720869952543e-01
1.311711955436163368e-01
1.308400419921330327e-01
1.305248861166564966e-01
1.302242302372571270e-01
1.299371271239370407e-01
1.296624365777742649e-01
1.293977488963284905e-01
1.291399959565175670e-01
1.288860082674429253e-01
1.286314228228850054e-01
1.283707994945005870e-01
1.280987407890441521e-01
1.278099447727054361e-01
1.274992127199091607e-01
1.271622021360084287e-01
1.267988115145255723e-01
1.264108140813138825e-01
1.260001210253730297e-01
1.255685296252863070e-01
1.251177171465912008e-01
1.246492384034257189e-01
1.241645255599252429e-01
1.236649427544892904e-01
1.231511777349407338e-01
1.226219940579730966e-01
1.220759373525396457e-01
1.215116216634747753e-01
1.209277289476022033e-01
1.203230083952015611e-01
1.196961342355064711e-01
1.190449060685695171e-01
1.183671943189902181e-01
1.176656354514081376e-01
1.169463742387661515e-01
1.162157889288773227e-01
1.154804022872215619e-01
1.147469576090846266e-01
1.140235023115823837e-01
1.133189958690427324e-01
1.126423103578855084e-01
1.119933009536547425e-01
1.113504705491668023e-01
1.106892924218261937e-01
1.099854148720819935e-01
1.092141686346699003e-01
1.083502203110885131e-01
1.073692665359416570e-01
1.062485036663430166e-01
1.049728149984835712e-01
1.035683617547987351e-01
1.020767442128498875e-01
1.005375381752312003e-01
9.898908269109742142e-02
9.746784265530254732e-02
9.600767834985637905e-02
9.464002735278044531e-02
9.339264760182591774e-02
9.226547715577335107e-02
9.123685978338857971e-02
9.028549069837034369e-02
8.938994589228239918e-02
8.852966578191757974e-02
8.768523761202370870e-02
8.683833584362156410e-02
8.597189922186684874e-02
8.507876586343829373e-02
8.416425280865282021e-02
8.323473978209106061e-02
8.229740211421186780e-02
8.135915067982261994e-02
8.042645406190293556e-02
7.950535688403542744e-02
7.860148742383910037e-02
7.771850450424984402e-02
7.685686141713939101e-02
7.601624660713092452e-02
7.519541791977771283e-02
7.439306279910767872e-02
7.360792606622158785e-02
7.283880011584220604e-02
7.208451735789776771e-02
7.134419294976707127e-02
7.061751562190851650e-02
6.990450751952273500e-02
6.920596991115166019e-02
6.852282555372711526e-02
6.785597341800934934e-02
6.720629300081604196e-02
6.657464701727613954e-02
6.596173869935073597e-02
6.536794902867854029e-02
6.479354536823123123e-02
6.423823445819135114e-02
6.370154815047825159e-02
6.318305283598447952e-02
6.268234762114420489e-02
6.219906203015566210e-02
6.173269735323411861e-02
6.128245870114893551e-02
6.084755994311256966e-02
6.042757758676273877e-02
6.002240492335401967e-02
5.963196990048078711e-02
5.925622407951735421e-02
5.889513848850559674e-02
5.854849033527539243e-02
5.821572325619372990e-02
5.789626999019033271e-02
5.758949035373658182e-02
5.729449653150413269e-02
5.701037539554738159e-02
5.673623548551234158e-02
5.647120891803972254e-02
5.621453683544416075e-02
5.596558481725878026e-02
5.572373848920447736e-02
5.548840212284399109e-02
5.525909824655942520e-02
5.503544889630570397e-02
5.481709038174214371e-02
5.460367261753849150e-02
5.439489684321385798e-02
5.419050818757133181e-02
5.399026314017203731e-02
5.379392801946424052e-02
5.360127689346984997e-02
5.341208517875554312e-02
5.322613376882012054e-02
5.304319082419819281e-02
5.286286486835951870e-02
5.268468915866856422e-02
5.250820540564039157e-02
5.233296453757241284e-02
5.215852660574236965e-02
5.198441039129299279e-02
5.181003573953363306e-02
5.163484668387550991e-02
5.145841573841644645e-02
5.128034241401847881e-02
5.110021761983964822e-02
5.091762416183868989e-02
5.073213707128652189e-02
5.054332766012071404e-02
5.035090524838953946e-02
5.015496326261130455e-02
4.995605641512222694e-02
4.975478395078092309e-02
4.955172755782609462e-02
4.934745229618620055e-02
4.914250753105799813e-02
4.893742786805953954e-02
4.873272330629390553e-02
4.852867948736869219e-02
4.832538276670846067e-02
4.812290712310004354e-02
4.792131871000231830e-02
4.772067439602602212e-02
4.752102128064331771e-02
4.732239715149554049e-02
4.712484949279601570e-02
4.692860616134526819e-02
4.673433609714935238e-02
4.654301159785850101e-02
4.635562306340487715e-02
4.617316580975441842e-02
4.599663513371208406e-02
4.582702057288690067e-02
4.566508910189290282e-02
4.551081717781321756e-02
4.536398122143202316e-02
4.522396548000379157e-02
4.508981436262647635e-02
4.496058487955947175e-02
4.483536474956003465e-02
4.471327468430465191e-02
4.459334236944961782e-02
4.447443980434143129e-02
4.435547632526147532e-02
4.423543157067443693e-02
4.411373424782169539e-02
4.399029917184673483e-02
4.386510120624600301e-02
4.373816196243929255e-02
4.360973889901381684e-02
4.348021625897127013e-02
4.334995219764729152e-02
4.321927884218558502e-02
4.308850297383599870e-02
4.295761056591054089e-02
4.282610780545428875e-02
4.269327370444479103e-02
4.255753788689974754e-02
4.241718772572527357e-02
4.227059455196366389e-02
4.211621260796166721e-02
4.195258070843337767e-02
4.177832666975699050e-02
4.159231707154789626e-02
4.139333275199424955e-02
4.117942468158133223e-02
4.094864520949712677e-02
4.069911962457143512e-02
4.042905055677135928e-02
4.013672398495982119e-02
3.982051675598514279e-02
3.947879541078810894e-02
3.910894388274050587e-02
3.870770442589004795e-02
3.827199998239003143e-02
3.779906750011068767e-02
3.728649398277027183e-02
3.673224972790144899e-02
3.613471830037362498e-02
3.549300437487307863e-02
3.480745409710089139e-02
3.407887375912522360e-02
3.330843019048770892e-02
3.249759941855035611e-02
3.164810117752422935e-02
3.076190611196197994e-02
2.984126978939450128e-02
2.888936458308166352e-02
2.791022242837749509e-02
2.690798452754811915e-02
2.588684463528026503e-02
2.485101841311628326e-02
2.380472240911704271e-02
2.275216472150885447e-02
2.169753264766977746e-02
2.064505386442449728e-02
1.959886349837673680e-02
1.856291492184530476e-02
1.754094812719331209e-02
1.653646431601769537e-02
1.555270586540530124e-02
1.459264022866097604e-02
1.365905556338091117e-02
1.275464963835216958e-02
1.188179737891008857e-02
1.104251852612309071e-02
1.023847869929270238e-02
9.470992660120644904e-03
8.741030449020253598e-03
8.049234417196715272e-03
7.396065827376484443e-03
6.781747303381606591e-03
6.206130696949108475e-03
5.668736988514805342e-03
5.168801042943671833e-03
4.705314209327210451e-03
4.277064416800908583e-03
3.882682517839675801e-03
3.520761419156253832e-03
3.189805407649232063e-03
2.888185598949537247e-03
2.614179449113457256e-03
2.366007300184788751e-03
2.141864538152239619e-03
1.939949513210648948e-03
1.758487163932279844e-03
1.595755741220679152e-03
1.450106442979366998e-03
1.319960032151802501e-03
1.203818443263981889e-03
1.100274950684925791e-03
1.008020396967931063e-03
9.258454458725557919e-04
8.526427617310546698e-04
7.874059662176663421e-04
7.292262714046774058e-04
6.772888971188821767e-04
6.308698792844399028e-04
5.893249643832040559e-04
5.520824124249479976e-04
5.186368581114759188e-04
4.885428672450994230e-04
4.614087646629884301e-04
4.368908704114316780e-04
4.146883224659587454e-04
3.945396058626762835e-04
3.762168668614939543e-04
3.595209357044586314e-04
3.442755009424417227e-04
3.303222305709424111e-04
3.175214263987617561e-04
3.057505172010144159e-04
2.949041780345062667e-04
2.848908251106401228e-04
2.756297639692657244e-04
2.670488896547553912e-04
2.590835712447391872e-04
2.516762809771179226e-04
2.447767593105269865e-04
2.383414451579306053e-04
2.323315081883472338e-04
2.267111919055012201e-04
2.214468813706718198e-04
2.165082425849153118e-04
2.118683546035467333e-04
2.075036038514499850e-04
2.033927724712301498e-04
1.995166513901512964e-04
1.958577515954155351e-04
1.924001708789943458e-04
1.891295007621383373e-04
1.860326899464978664e-04
1.830978262650580950e-04
1.803141582793284410e-04
1.776719969537028741e-04
1.751624398332367002e-04
1.727767327684100510e-04
1.705064007659741010e-04
1.683437385361910218e-04
1.662826294152251988e-04
1.643178970784722216e-04
1.624444808545429022e-04
1.606564121484738660e-04
1.589477880158518118e-04
1.573135799793053753e-04
1.557502590908054960e-04
1.542547499086019218e-04
1.528235439209681449e-04
1.514524437516658105e-04
1.501375157300340122e-04
1.488764843705540171e-04
1.476682491084673572e-04
1.465114828086502851e-04
1.454029712400886133e-04
1.443389840209782934e-04
1.433164281571281003e-04
1.423335415219935548e-04
1.413888855893182092e-04
1.404808375717114875e-04
1.396074775930524609e-04
1.387670002210635999e-04
1.379583191358001257e-04
1.371807954989921296e-04
1.364336839768429230e-04
1.357156262706333183e-04
1.350251596290628323e-04
1.343608540164561126e-04
1.337212844008042333e-04
1.331051118165963267e-04
1.325113041373147580e-04
1.319390740771216866e-04
1.313876821909434726e-04
1.308564024495560436e-04
1.303445240659732187e-04
1.298515695057616962e-04
1.293775428152576590e-04
1.289224799517206023e-04
1.284855196388719038e-04
1.280650096873901193e-04
1.276594670518168639e-04
1.272683637075419909e-04
1.268915491518460010e-04
1.265286855901909474e-04
1.261789535560010704e-04
1.258415183471939334e-04
1.255164955141916045e-04
1.252048608680522885e-04
1.249073035298631652e-04
1.246227077827893686e-04
1.243493498890226468e-04
1.240860368351171547e-04
1.238326360903894432e-04
1.235891491025832112e-04
1.233552893827087550e-04
1.231305259659297403e-04
1.229144519431444574e-04
1.227072993790367277e-04
1.225094952911546088e-04
1.223211144155130034e-04
1.221416208891075786e-04
1.219704349903461785e-04
1.218070805850187413e-04
1.216511579607452238e-04
1.215023251988307443e-04
1.213604112745747163e-04
1.212252913485337917e-04
1.210968129217719245e-04
1.209747774493557452e-04
1.208590107697626886e-04
1.207495948573486332e-04
1.206467480862796055e-04
1.205504740142109964e-04
1.204601604765670345e-04
1.203751083436578828e-04
1.202949615066999941e-04
1.202197133969377512e-04
1.201493564629177137e-04
1.200837638613144742e-04
1.200227674259156591e-04
1.199662190327897181e-04
1.199140056983161585e-04
1.198660212670449630e-04
1.198221557328259463e-04
1.197822972209513142e-04
1.197463377519837315e-04
1.197141749989351150e-04
1.196857103323102146e-04
1.196608477339244702e-04
1.196394935631015329e-04
1.196215569560580134e-04
1.196069498967000275e-04
1.195955870344450302e-04
1.195873854982490507e-04
1.195822647819788214e-04
1.195801466966023519e-04
1.195809553035434141e-04
1.195846168349233753e-04
1.195910596102232252e-04
1.196002139617875304e-04
1.196120121682588518e-04
1.196263883899460143e-04
1.196432786057434759e-04
1.196626205517295298e-04
1.196843536626532144e-04
1.197084190161008013e-04
1.197347592789281990e-04
1.197633186557095378e-04
1.197940428391459526e-04
1.198268789624217141e-04
1.198617755534457744e-04
1.198986824908533790e-04
1.199375509616930715e-04
1.199783334207045883e-04
1.200209835511486129e-04
1.200654562271040113e-04
1.201117074771629561e-04
1.201596944494772248e-04
1.202093753780881109e-04
1.202607095504965007e-04
1.203136572763845218e-04
1.203681798574916627e-04
1.204242395585678182e-04
1.204817995793401982e-04
1.205408240274933159e-04
1.206012778925971506e-04
1.206631270209289244e-04
1.207263380911953893e-04
1.207908785910712210e-04
1.208567167945453325e-04
1.209238217400518390e-04
1.209921632093286436e-04
1.210617117069945792e-04
1.211324384407979547e-04
1.212043153025465505e-04
1.212773148496273652e-04
1.213514102871861809e-04
1.214265754508305541e-04
1.215027847899436054e-04
1.215800133515087259e-04
1.216582367644534270e-04
1.217374312245001898e-04
1.218175734794956514e-04
1.218986408151972154e-04
1.219806110415104478e-04
1.220634624791436587e-04
1.221471739466863408e-04
1.222317247480807115e-04
1.223170946604747319e-04
1.224032639224407462e-04
1.224902132225625729e-04
1.225779236883445234e-04
1.226663768754783425e-04
1.227555547573976253e-04
1.228454397151687973e-04
1.229360145276591897e-04
1.230272623620019422e-04
1.231191667643392472e-04
1.232117116508103262e-04
1.233048812988421148e-04
1.233986603386360258e-04
1.234930337449343285e-04
1.235879868290100088e-04
1.236835052308618685e-04
1.237795749116608077e-04
1.238761821463754340e-04
1.239733135166179001e-04
1.240709559036814286e-04
1.241690964817623139e-04
1.242677227113870003e-04
1.243668223329826006e-04
1.244663832958815494e-04
1.245663931650218875e-04
1.246668393883410898e-04
1.247677096627772394e-04
1.248689919333296756e-04
1.249706743876856602e-04
1.250727454509863645e-04
1.251751937807326915e-04
1.252780082618068632e-04
1.253811780016338162e-04
1.254846923254604495e-04
1.255885407717472781e-04
1.256927130876849853e-04
1.257971992248168214e-04
1.259019893347631874e-04
1.260070737650657532e-04
1.261124430551224308e-04
1.262180879322140716e-04
1.263239993076467941e-04
1.264301682729803149e-04
1.265365860963232848e-04
1.266432442187554754e-04
1.267501342508071038e-04
1.268572479690262213e-04
1.269645773126345731e-04
1.270721143802536332e-04
1.271798514267105987e-04
1.272877808599129877e-04
1.273958952377996726e-04
1.275041872653596227e-04
1.276126497917268383e-04
1.277212758073206864e-04
1.278300584410724575e-04
1.279389909576990033e-04
1.280480667550479323e-04
1.281572793614938442e-04
1.282666224333889099e-04
1.283760897525932482e-04
1.284856752240248192e-04
1.285953728732850483e-04
1.287051768443335921e-04
1.288150813972002923e-04
1.289250809057714789e-04
1.290351698556005053e-04
1.291453428417663131e-04
1.292555945668013326e-04
1.293659198386218757e-04
1.294763135685541298e-04
1.295867707693523980e-04
1.296972865532839108e-04
1.298078561302661938e-04
1.299184748059966288e-04
1.300291379801812202e-04
1.301398411447395899e-04
1.302505798821071978e-04
1.303613498635144692e-04
1.304721468473390511e-04
1.305829666774860147e-04
1.306938052817746435e-04
1.308046586704047208e-04
1.309155229343998868e-04
1.310263942441326085e-04
1.311372688478318566e-04
1.312481430701628821e-04
1.313590133108005417e-04
1.314698760430507620e-04
1.315807278125008431e-04
1.316915652356775144e-04
1.318023849987467327e-04
1.319131838562364375e-04
1.320239586297827523e-04
1.321347062068974098e-04
1.322454235397636910e-04
1.323561076440497115e-04
1.324667555977537196e-04
1.325773645400624850e-04
1.326879316702301258e-04
1.327984542464972400e-04
1.329089295849988429e-04
1.330193550587175158e-04
1.331297280964559618e-04
