4.540572657143965990e-02
3.752986526730851119e-02
3.614731622100867542e-02
3.558086973671338582e-02
3.526440439113989050e-02
3.505705023415554150e-02
3.491078857288467535e-02
3.480124366067290087e-02
3.471714862858398670e-02
3.465076205612527965e-02
3.459710712581024611e-02
3.455332621568463908e-02
3.451738931081783229e-02
3.448688991272438886e-02
3.446182499033360186e-02
3.443966424222505429e-02
3.442133691969707920e-02
3.440503845661020688e-02
3.439061612263673989e-02
3.437839112728352520e-02
3.436716493616626122e-02
3.435702098633411361e-02
3.434812742835336580e-02
3.434013143589821626e-02
3.433281151174510243e-02
3.432617450091537264e-02
3.432022849733624287e-02
3.431491449274470806e-02
3.431016376151042879e-02
3.430592094404453368e-02
3.430215021165354539e-02
3.429882400950206439e-02
3.429592078103080310e-02
3.429342468510594016e-02
3.429132039306652391e-02
3.428959382636090347e-02
3.428824291256268864e-02
3.428726506255014295e-02
3.428665160137654017e-02
3.428639372815704689e-02
3.428648351047371839e-02
3.428691440470611751e-02
3.428768168743222267e-02
3.428878279698611975e-02
3.429021760673144764e-02
3.429198924150262534e-02
3.429410395401560202e-02
3.429656995591714302e-02
3.429939771107040625e-02
3.430260034043361439e-02
3.430619399432086047e-02
3.431019746004423943e-02
3.431462217517596697e-02
3.431947480585374743e-02
3.432476518371137264e-02
3.433050587220390359e-02
3.433671151828460860e-02
3.434339823882608111e-02
3.435058305614187985e-02
3.435828339372119788e-02
3.436651663933842915e-02
3.437529977841632250e-02
3.438464909617591769e-02
3.439457994288228765e-02
3.440510654986764227e-02
3.441624173690047139e-02
3.442799639954346319e-02
3.444037938821136596e-02
3.445340131943319673e-02
3.446707483911171099e-02
3.448141130566605150e-02
3.449642067831722170e-02
3.451211158476451268e-02
3.452849144524780534e-02
3.454556666156011202e-02
3.456334287979486580e-02
3.458182534058754087e-02
3.460101950566216167e-02
3.462093148934256015e-02
3.464156801680889908e-02
3.466293660840962659e-02
3.468504577317521598e-02
3.470790518699150284e-02
3.473152652417639541e-02
3.475593004024486732e-02
3.478114450205054692e-02
3.480720621102757067e-02
3.483415800881419638e-02
3.486204799422426559e-02
3.489092921122259605e-02
3.492085933455583990e-02
3.495190035489600944e-02
3.498411830834841085e-02
3.501758688202929320e-02
3.505239403139354115e-02
3.508863937807966266e-02
3.512643406693037595e-02
3.516590098391926544e-02
3.520717495319738294e-02
3.525042558444770047e-02
3.529585338856137261e-02
3.534362913211559071e-02
3.539391404487306214e-02
3.544686243036506562e-02
3.550262222807067103e-02
3.556133573333634251e-02
3.562314843409900011e-02
3.568828668313543673e-02
3.575703554769148196e-02
3.582969454742420540e-02
3.590657566863389438e-02
3.598800171660881259e-02
3.607430448190250549e-02
3.616579537247625181e-02
3.626265801098815106e-02
3.636503895060817781e-02
3.647308880981285639e-02
3.658696482412431700e-02
3.670683350527201294e-02
3.683287338837393232e-02
3.696528667733119805e-02
3.710440833616349132e-02
3.725066802638499208e-02
3.740450623796986312e-02
3.756637120203930313e-02
3.773671799087817413e-02
3.791600812616336552e-02
3.810465448778013742e-02
3.830275839646198055e-02
3.851027085584205617e-02
3.872704392526282041e-02
3.895290400959763866e-02
3.918767288227964496e-02
3.943116618795151213e-02
3.968319194009593820e-02
3.994354905357824087e-02
4.021202594797753521e-02
4.048839925334529743e-02
4.077243264542709800e-02
4.106390332428823398e-02
4.136284985305110212e-02
4.166947123903841366e-02
4.198399633109238527e-02
4.230667626181393998e-02
4.263776683548153867e-02
4.297752837540225190e-02
4.332622622266195378e-02
4.368413127959892145e-02
4.405152060049769697e-02
4.442867803238563507e-02
4.481589994060153348e-02
4.521373697549319753e-02
4.562312308886292550e-02
4.604507918881056011e-02
4.648069705524759260e-02
4.693115069339243162e-02
4.739770978531063911e-02
4.788175567953303902e-02
4.838480044990357831e-02
4.890850966804109745e-02
4.945472967670256487e-02
5.002520195512649009e-02
5.061948874846616819e-02
5.123593697153529247e-02
5.187260330974762662e-02
5.252726929000309936e-02
5.319746238486738887e-02
5.388048684509039177e-02
5.457346290706956149e-02
5.527337223896186535e-02
5.597710753281721907e-02
5.668185219875718217e-02
5.738568478860729682e-02
5.808684512636096142e-02
5.878359389587670819e-02
5.947422307955083781e-02
6.015706553672309220e-02
6.083050377684922488e-02
6.149297799880276694e-02
6.214299347503456084e-02
6.277912975396168771e-02
6.340089134847322339e-02
6.400987017613057883e-02
6.460786120206489513e-02
6.519656094043795036e-02
6.577759348039387277e-02
6.635253236780144781e-02
6.692291929340742074e-02
6.749028031938267280e-02
6.805614023244332955e-02
6.862203552420907682e-02
6.918950911490993894e-02
6.975926180295204115e-02
7.033029900543795454e-02
7.090139486086848020e-02
7.147129971704049844e-02
7.203874562547336879e-02
7.260245200944125121e-02
7.316113146049979532e-02
7.371349562996643012e-02
7.425826119638992417e-02
7.479415597315026976e-02
7.531995906436428356e-02
7.583453471048681727e-02
7.633656991705389805e-02
7.682472013465231619e-02
7.729772059477900414e-02
7.775439273957804320e-02
7.819364843850047653e-02
7.861448643134130720e-02
7.901588272840859295e-02
7.939679323894516250e-02
7.975625220995138931e-02
8.009337908825758801e-02
8.040738123479396204e-02
8.069758219625761120e-02
8.096382631369458682e-02
8.120655532625356554e-02
8.142626519064885549e-02
8.162345110500709988e-02
8.179855823656163871e-02
8.195189601424569814e-02
8.208375405095789945e-02
8.219442728922213282e-02
8.228423284072031163e-02
8.235355944430877706e-02
8.240282083695733839e-02
8.243244044770813017e-02
8.244287700801773699e-02
8.243464430929478559e-02
8.240826790255641188e-02
8.236433913036310395e-02
8.230335307597040628e-02
8.222569308773419738e-02
8.213173434923591587e-02
8.202220470457341484e-02
8.189819041266453714e-02
8.176079197949037702e-02
8.161056623903330254e-02
8.144731893574058690e-02
8.127076482856891715e-02
8.108141078794359191e-02
8.088089301138781662e-02
8.067092550767029913e-02
8.045192388781631510e-02
8.022291019866413520e-02
7.998291157678436014e-02
7.973281289881693767e-02
7.947478506754404592e-02
7.921070714859480832e-02
7.894018031300788218e-02
7.866197254380119519e-02
7.837572415104110402e-02
7.808318988658584370e-02
7.778636919669838778e-02
7.748579902231092498e-02
7.718067455885929684e-02
7.687038366480300478e-02
7.655579088185578140e-02
7.623824389502960319e-02
7.591853084072054669e-02
7.559652225386120916e-02
7.527203648316629914e-02
7.494535200865927449e-02
7.461698997166330005e-02
7.428749375474956451e-02
7.395744853163288557e-02
7.362740492162879458e-02
7.329735164848839857e-02
7.296679211294468392e-02
7.263559982137048066e-02
7.230497504196929659e-02
7.197630605130241055e-02
7.164932790391195794e-02
7.132240048467690385e-02
7.099469902537813848e-02
7.066853883195826913e-02
7.034684465479124071e-02
7.002936685575994469e-02
6.971288384286883355e-02
6.939528786738430322e-02
6.907999417757912375e-02
6.877178738614360409e-02
6.847117576356714919e-02
6.817393942759447656e-02
6.787661134456653145e-02
6.758188942703806379e-02
6.729464463609143021e-02
6.701666714555007398e-02
6.674478406714383361e-02
6.647574721540390474e-02
6.621042541746328947e-02
6.595217334804100162e-02
6.570332861775901589e-02
6.546271100927085473e-02
6.522844265495686411e-02
6.499987210478926081e-02
6.477814613137075628e-02
6.456448220136437599e-02
6.435948407978589469e-02
6.416328789730765814e-02
6.397591373633323975e-02
6.379670236571578779e-02
6.362469450027054274e-02
6.345931295391032956e-02
6.330199818911971810e-02
6.315478802460808283e-02
6.301892127357495987e-02
6.289241795365446697e-02
6.277249295005093987e-02
6.265720536367794247e-02
6.254887110204641887e-02
6.245126278445488344e-02
6.236740099573372803e-02
6.229566230876757565e-02
6.223204673667355469e-02
6.217292114627671895e-02
6.211830336417067250e-02
6.207294611144311552e-02
6.204164663827687470e-02
6.202730895194347865e-02
6.202702085330163984e-02
6.203671180391072404e-02
6.205261919910361190e-02
6.207372195477361965e-02
6.210325201855695920e-02
6.214465364143063192e-02
6.220093951091131002e-02
6.227208023637493400e-02
6.235544245557954335e-02
6.244849828980897355e-02
6.254889404879421244e-02
6.265601972544029841e-02
6.277134921605344309e-02
6.289634695250333196e-02
6.303230823724560727e-02
6.317981476302281241e-02
6.333755947811897657e-02
6.350389590293990805e-02
6.367721543360370384e-02
6.385593690902977015e-02
6.403910824417675951e-02
6.422660652412945370e-02
6.441830481443207301e-02
6.461419460281103699e-02
6.481456309661265403e-02
6.501938952854850740e-02
6.522832344051857079e-02
6.544103594253691814e-02
6.565723775602072543e-02
6.587668030366614080e-02
6.609914512699104072e-02
6.632444327010615648e-02
6.655243205457886391e-02
6.644720826298960992e-02
6.617707007074895287e-02
6.591070868919307602e-02
6.564846600045830260e-02
6.539067767457580616e-02
6.513767376518680985e-02
6.488977923446105633e-02
6.464731244816614153e-02
6.441058225581348939e-02
6.417994442294812363e-02
6.395637180333235694e-02
6.374125178106898604e-02
6.353599173654948806e-02
6.334200940230917676e-02
6.316073026936705470e-02
6.299358516745540149e-02
6.284197934216992354e-02
6.270719091025030167e-02
6.258969753813521664e-02
6.248763433908918058e-02
6.239871161394976162e-02
6.232066804790290654e-02
6.225127075539698546e-02
6.218831513020965651e-02
6.212962450044884344e-02
6.207306769683312159e-02
6.201677165210884440e-02
6.195950338445563310e-02
6.190047006068675334e-02
6.183889711918272303e-02
6.177401575756057833e-02
6.170506586415254457e-02
6.163129961879191404e-02
6.155198574683385521e-02
6.146641260129845352e-02
6.137432212049802327e-02
6.127723906964550882e-02
6.117704786885325846e-02
6.107555165859557267e-02
6.097446734730929685e-02
6.087542229023151091e-02
6.077995250043565639e-02
6.068950229294945570e-02
6.060536318522824484e-02
6.052775068023789895e-02
6.045641389384124459e-02
6.039131005999021778e-02
6.033244756406162118e-02
6.027988463979464667e-02
6.023372834985501328e-02
6.019413293084576594e-02
6.016129738284416162e-02
6.013535359375205003e-02
6.011617264873450606e-02
6.010338834153597376e-02
6.009617895237229224e-02
6.009369989534892043e-02
6.009514704389153777e-02
6.009975909373841546e-02
6.010682133346562095e-02
6.011563277255880383e-02
6.012513383594210448e-02
6.013403590428393480e-02
6.014108353573489191e-02
6.014549768980715500e-02
6.014687991985348536e-02
6.014482657038420360e-02
6.013891406576872545e-02
6.012870045742696457e-02
6.011387438467141742e-02
6.009437447344878613e-02
6.007016321425202865e-02
6.004120356937676234e-02
6.000737518898947159e-02
5.996801522135408735e-02
5.992226297182574879e-02
5.986927726752135775e-02
5.980854913556644253e-02
5.974122806888448184e-02
5.966893552477494506e-02
5.959319415285427995e-02
5.951542546963278085e-02
5.943694966206760494e-02
5.935913179923964222e-02
5.928373778332921007e-02
5.921237018118013368e-02
5.914329284489712457e-02
5.907196415476600321e-02
5.899397824729299411e-02
5.890516867248243166e-02
5.880160471417247847e-02
5.867958756742988613e-02
5.853564529817971429e-02
5.836638194848256522e-02
5.817086528145837265e-02
5.795404928031584052e-02
5.772145643821331717e-02
5.747833689082422481e-02
5.722967359099737084e-02
5.698018776079021019e-02
5.673434406656580747e-02
5.649635503060920771e-02
5.626942565077341918e-02
5.605207504885267172e-02
5.584135208944918105e-02
5.563445137905441429e-02
5.542869490974396129e-02
5.522153238596246017e-02
5.501054076528540809e-02
5.479342289885891226e-02
5.456809481887352209e-02
5.433427708215939761e-02
5.409321138137183210e-02
5.384607243785095171e-02
5.359387256536501248e-02
5.333757450617527401e-02
5.307810533105377510e-02
5.281635802526266771e-02
5.255319095893287024e-02
5.228917918102951590e-02
5.202437583359329626e-02
5.175877628567377570e-02
5.149238005219866632e-02
5.122521940558916881e-02
5.095738154227399258e-02
5.068895534106502426e-02
5.042002518516576492e-02
5.015070965521033902e-02
4.988130126244353507e-02
4.961213022662050443e-02
4.934350974119759009e-02
4.907573659412958755e-02
4.880909180160565575e-02
4.854383415037786392e-02
4.828019204495238859e-02
4.801838835090319751e-02
4.775874239282976857e-02
4.750163218523787562e-02
4.724742471870503613e-02
4.699647488309748045e-02
4.674912564733119807e-02
4.650570826677197928e-02
4.626654251491296721e-02
4.603193137143626879e-02
4.580209838708530073e-02
4.557718739557213572e-02
4.535733847613351161e-02
4.514269308069590592e-02
4.493339390005968853e-02
4.472958477638351582e-02
4.453141066070919613e-02
4.433901749102812234e-02
4.415246910228395189e-02
4.397161431272990362e-02
4.379631503588207048e-02
4.362645841852662992e-02
4.346194323199337184e-02
4.330267966756840003e-02
4.314858913620858022e-02
4.299960406397979051e-02
4.285564704400536551e-02
4.271652924944208118e-02
4.258202415810082020e-02
4.245190455844734950e-02
4.232588888105996011e-02
4.220366512717289159e-02
4.208492395989419516e-02
4.196935879878656989e-02
4.185666775738294126e-02
4.174658070701118412e-02
4.163884908914270572e-02
4.153322433401263059e-02
4.142945717060030064e-02
4.132729987690985513e-02
4.122656672412284423e-02
4.112713961218367187e-02
4.102890597543676354e-02
4.093175704969589240e-02
4.083559040128522527e-02
4.074030990972832278e-02
4.064582562377920538e-02
4.055205359350536054e-02
4.045891563150499221e-02
4.036633872294078523e-02
4.027420528890994500e-02
4.018226583110825340e-02
4.009018644934994602e-02
3.999762412203458628e-02
3.990423806764120673e-02
3.980968998536982273e-02
3.971364425163405321e-02
3.961576807335666361e-02
3.951573159901056176e-02
3.941323070322139133e-02
3.930809762307300309e-02
3.920032431968696607e-02
3.908994191742734547e-02
3.897698075085773151e-02
3.886147069049149944e-02
3.874344160960713213e-02
3.862292397471154409e-02
3.849996615804839734e-02
3.837477882277714331e-02
3.824766146495237051e-02
3.811890379565403830e-02
3.798867555300084603e-02
3.785704951141318636e-02
3.772408419030732346e-02
3.758982547852125766e-02
3.745431038016556330e-02
3.731765476428007544e-02
3.718005085092539880e-02
3.704167907368819540e-02
3.690270428468857278e-02
3.676327659176694546e-02
3.662360051006537109e-02
3.648399838881893203e-02
3.634479900533166968e-02
3.620627127917513954e-02
3.606859518373735363e-02
3.593195283748727015e-02
3.579653753649281178e-02
3.566255316389325969e-02
3.553021355000925835e-02
3.539974178717997244e-02
3.527134610697781059e-02
3.514508175349850133e-02
3.502086037165857979e-02
3.489858077436410605e-02
3.477815048235580186e-02
3.465948637902905444e-02
3.454251520233372202e-02
3.442717387770393572e-02
3.431340969575469302e-02
3.420117765130380183e-02
3.409042773508064172e-02
3.398117907646174690e-02
3.387352032197091939e-02
3.376754124162412163e-02
3.366332973971684212e-02
3.356097172301374110e-02
3.346055108297317504e-02
3.336213692562961519e-02
3.326566450331004676e-02
3.317099876486917509e-02
3.307801583998360578e-02
3.298657584878612187e-02
3.289647462932148575e-02
3.280750447217765237e-02
3.271946628447125471e-02
3.263215661658219052e-02
3.254509319526881911e-02
3.245753082463818245e-02
3.236874470941317194e-02
3.227804389315195449e-02
3.218477223292639383e-02
3.208831349084773771e-02
3.198812672382474187e-02
3.188371913720423889e-02
3.177411627377235009e-02
3.165754081606839826e-02
3.153218820922839422e-02
3.139630955293784553e-02
3.124821717964653897e-02
3.108629167585759759e-02
3.090899022311589806e-02
3.071485578197981348e-02
3.050233422409745140e-02
3.026944679167606692e-02
3.001423883184097322e-02
2.973488415709667210e-02
2.942970063623074131e-02
2.909716654491057222e-02
2.873593740644054748e-02
2.834486302465592800e-02
2.792309072869149020e-02
2.747039434356461640e-02
2.698685460411828774e-02
2.647273013050319146e-02
2.592846686474331586e-02
2.535470745114879257e-02
2.475229863915897471e-02
2.412229756391591831e-02
2.346602044240958876e-02
2.278538351632859726e-02
2.208268772359815377e-02
2.136039305228450841e-02
2.062109561176108524e-02
1.986750297002855270e-02
1.910240541980214382e-02
1.832864832265232100e-02
1.754911239186829688e-02
1.676680313715357695e-02
1.598478300025705720e-02
1.520602635871381482e-02
1.443339897974427535e-02
1.366964269081196934e-02
1.291736084394042722e-02
1.217900769057599433e-02
1.145688161171760401e-02
1.075318926866729655e-02
1.007005843814905849e-02
9.409367994828521722e-03
8.772729302396978929e-03
8.161487052193570901e-03
7.576722964231443966e-03
7.019262179014109163e-03
6.489682088077657236e-03
5.988357375530765046e-03
5.515580748158369420e-03
5.071406877900246080e-03
4.655622980373045651e-03
4.267782635442536610e-03
3.907238624174570914e-03
3.573174295197715372e-03
3.264633116602689601e-03
2.980546545183811440e-03
2.719795110223974157e-03
2.481238532949680674e-03
2.263653867739042532e-03
2.065755364181371539e-03
1.886221821231132785e-03
1.723721072791250131e-03
1.576931415389379310e-03
1.444559370764215978e-03
1.325353593562539649e-03
1.218120125066292228e-03
1.121738229364017524e-03
1.035162514817375206e-03
9.574180692908524888e-04
8.876039258162596399e-04
8.248950275177166979e-04
7.685377072250179327e-04
7.178472088431919534e-04
6.722050024368460188e-04
6.310555088999521755e-04
5.939029362840991810e-04
5.603064547414219254e-04
5.298750986956712828e-04
5.022626398293340020e-04
4.771609193988570331e-04
4.542970530632232939e-04
4.334298376646165854e-04
4.143460334740694433e-04
3.968581467303412434e-04
3.808012703973141333e-04
3.660298361084016725e-04
3.524152371050203163e-04
3.398436769952775378e-04
3.282141345572867118e-04
3.174367974218907681e-04
3.074322144950470022e-04
2.981304085701081048e-04
2.894690889913428215e-04
2.813924927295251960e-04
2.738497477882881597e-04
2.667948812454664048e-04
2.601866115243988060e-04
2.539876458454832738e-04
2.481642371532282528e-04
2.426859609560637441e-04
2.375255445973794134e-04
2.326587815965467688e-04
2.280638053394077930e-04
2.237207970699517953e-04
2.196118530309930730e-04
2.157206624891637079e-04
2.120323577840792380e-04
2.085337904252796760e-04
2.052131833765615096e-04
2.020596933659008930e-04
1.990621686764775563e-04
1.962094083595066147e-04
1.934910764538264050e-04
1.908983513821823036e-04
1.884238723246169003e-04
1.860609106840661799e-04
1.838030160119679985e-04
1.816438549448851189e-04
1.795774939058645224e-04
1.775991112416191520e-04
1.757053604330072920e-04
1.738932633711810349e-04
1.721590321125740367e-04
1.704973296282863947e-04
1.689029601831258155e-04
1.673716082513975801e-04
1.659002793395950416e-04
1.644863009077208700e-04
1.631270225096572227e-04
1.618196525728036593e-04
1.605615231425834078e-04
1.593504290250891066e-04
1.581848639074639735e-04
1.570634883929375935e-04
1.559846855005159595e-04
1.549463145311531743e-04
1.539462867369221491e-04
1.529826743473100548e-04
1.520537317119267831e-04
1.511578125827554397e-04
1.502934607786929712e-04
1.494594346353903479e-04
1.486545689130876636e-04
1.478777305358915800e-04
1.471278101092199841e-04
1.464037598025923442e-04
1.457047701615060752e-04
1.450302568621485340e-04
1.443796536074590979e-04
1.437519443721112591e-04
1.431457754870155987e-04
1.425598619237841106e-04
1.419933564691281216e-04
1.414456939534705323e-04
1.409163300388400521e-04
1.404046364813425448e-04
1.399099588807328363e-04
1.394316755879838313e-04
1.389692227438015296e-04
1.385220717162731377e-04
1.380897138973482857e-04
1.376716541275525970e-04
1.372674159975381734e-04
1.368765438276156393e-04
1.364986031454506370e-04
1.361331778619914441e-04
1.357798686604182159e-04
1.354382918302267456e-04
1.351080789641938480e-04
1.347888763624924193e-04
1.344803443677397548e-04
1.341821565620225935e-04
1.338939990922956031e-04
1.336155700680295255e-04
1.333465790275838625e-04
1.330867464145103925e-04
1.328358030715649611e-04
1.325934897568887942e-04
1.323595566908343784e-04
1.321337631308024097e-04
1.319158769692817799e-04
1.317056743522618842e-04
1.315029393166371695e-04
1.313074634465764660e-04
1.311190455478307144e-04
1.309374913390188926e-04
1.307626131585203826e-04
1.305942296861055201e-04
1.304321656784070702e-04
1.302762517175374906e-04
1.301263239720884350e-04
1.299822239698143235e-04
1.298437983813167972e-04
1.297108988141204924e-04
1.295833816165767544e-04
1.294611076910388522e-04
1.293439423158245438e-04
1.292317549754747660e-04
1.291244191988585063e-04
1.290218124047276072e-04
1.289238157542951671e-04
1.288303140105076711e-04
1.287411954036147361e-04
1.286563515027468814e-04
1.285756770931880983e-04
1.284990700590207769e-04
1.284264312709165008e-04
1.283576644787729263e-04
1.282926762089889880e-04
1.282313756661022019e-04
1.281736746386375240e-04
1.281194874088940861e-04
1.280687306665151740e-04
1.280213234256613608e-04
1.279771869456016971e-04
1.279362446545463943e-04
1.278984220766078369e-04
1.278636467616793473e-04
1.278318482181864607e-04
1.278029578484670401e-04
1.277769088867496258e-04
1.277536363395811612e-04
1.277330769285476978e-04
1.277151690352726018e-04
1.276998526484989774e-04
1.276870693132406659e-04
1.276767620818329574e-04
1.276688754668866188e-04
1.276633553959655599e-04
1.276601491680028544e-04
1.276592054113127341e-04
1.276604740431629126e-04
1.276639062308331061e-04
1.276694543540971656e-04
1.276770719690606794e-04
1.276867137733061228e-04
1.276983355722931344e-04
1.277118942469473225e-04
1.277273477223952352e-04
1.277446549378166284e-04
1.277637758173308456e-04
1.277846712419043534e-04
1.278073030222415675e-04
1.278316338725754846e-04
1.278576273853968004e-04
1.278852480069975607e-04
1.279144610138795461e-04
1.279452324899251479e-04
1.279775293043446149e-04
1.280113190903465169e-04
1.280465702245294195e-04
1.280832518069189847e-04
1.281213336416922924e-04
1.281607862184918874e-04
1.282015806943690155e-04
1.282436888762892354e-04
1.282870832042027644e-04
1.283317367346516126e-04
1.283776231248898159e-04
1.284247166174977124e-04
1.284729920241694070e-04
1.285224244306415930e-04
1.285729888367036558e-04
1.286246606894170285e-04
1.286774159553844769e-04
1.287312311078258676e-04
1.287860831140459834e-04
1.288419494232703169e-04
1.288988079548734813e-04
1.289566370869108989e-04
1.290154156450293917e-04
1.290751228916838422e-04
1.291357385156718777e-04
1.291972426219749229e-04
1.292596157218783533e-04
1.293228387234064746e-04
1.293868929220008495e-04
1.294517599914658823e-04
1.295174219751963490e-04
1.295838612776184344e-04
1.296510606558830356e-04
1.297190032118080533e-04
1.297876723840050506e-04
1.298570519402583148e-04
1.299271259700915404e-04
1.299978788775440607e-04
1.300692953741420740e-04
1.301413604720583846e-04
1.302140594774478120e-04
1.302873779839795190e-04
1.303613018665188226e-04
1.304358172749866260e-04
1.305109106283796369e-04
1.305865686089398802e-04
1.306627781564955425e-04
1.307395264629075801e-04
1.308168009667070382e-04
1.308945893478248796e-04
1.309728795225025499e-04
1.310516596382823131e-04
1.311309180691492128e-04
1.312106434108138708e-04
1.312908244760589563e-04
1.313714502902554133e-04
1.314525100869612232e-04
1.315339933036251455e-04
1.316158895774127290e-04
1.316981887411173516e-04
1.317808808191849935e-04
1.318639560238169905e-04
1.319474047511791490e-04
1.320312175777022304e-04
1.321153852564500917e-04
1.321998987136064902e-04
1.322847490450165060e-04
1.323699275128171397e-04
1.324554255421498490e-04
1.325412347179420942e-04
1.326273467817808247e-04
1.327137536288221231e-04
1.328004473048137967e-04
1.328874200031495453e-04
1.329746640620129566e-04
1.330621719615756834e-04
1.331499363212620556e-04
1.332379498970680384e-04
1.333262055789479253e-04
1.334146963882513115e-04
1.335034154752328165e-04
1.335923561165759026e-04
1.336815117130334878e-04
1.337708757870553864e-04
1.338604419805127313e-04
1.339502040524467635e-04
1.340401558768769010e-04
1.341302914406518223e-04
1.342206048413502892e-04
1.343110902852112144e-04
1.344017420851283215e-04
1.344925546586805563e-04
1.345835225261848053e-04
1.346746403088218793e-04
1.347659027267720383e-04
1.348573045974081142e-04
1.349488408335108869e-04
1.350405064415374778e-04
1.351322965199057901e-04
1.352242062573365462e-04
1.353162309312038911e-04
1.354083659059354358e-04
1.355006066314520894e-04
1.355929486416085708e-04
1.356853875526922487e-04
1.357779190619496843e-04
1.358705389461328512e-04
1.359632430600648449e-04
1.360560273352683124e-04
1.361488877785804383e-04
1.362418204708220053e-04
1.363348215654827450e-04
1.364278872874252280e-04
1.365210139316336681e-04
1.366141978619651919e-04
1.367074355099351260e-04
1.368007233735307174e-04
1.368940580160395984e-04
1.369874360648958163e-04
1.370808542105566815e-04
1.371743092054076413e-04
1.372677978626673991e-04
1.373613170553325785e-04
1.374548637151184582e-04
1.375484348314668455e-04
1.376420274505009054e-04
1.377356386740729059e-04
1.378292656587776482e-04
1.379229056150058227e-04
1.380165558060155524e-04
1.381102135470162965e-04
1.382038762042571986e-04
1.382975411941688327e-04
1.383912059824696575e-04
1.384848680833358704e-04
1.385785250585603646e-04
1.386721745167246694e-04
