4.203815577601691805e-02
3.939172157812306785e-02
3.803476600505665411e-02
3.714423194135006712e-02
3.655289448162073879e-02
3.614443627435945383e-02
3.584805755693334234e-02
3.562776432729376080e-02
3.545978463870786551e-02
3.532862503963098144e-02
3.522407961001577936e-02
3.514139968019221877e-02
3.507385395778692128e-02
3.501853759793316367e-02
3.497350296475931070e-02
3.493628776065181574e-02
3.490494644576043470e-02
3.487980930641724348e-02
3.485839527098396479e-02
3.484073723537666617e-02
3.482650969729263191e-02
3.481492184974711857e-02
3.480552438592242337e-02
3.479804051727052733e-02
3.479228667733578334e-02
3.478811429055687215e-02
3.478533236256575734e-02
3.478367255016124454e-02
3.478291591959534884e-02
3.478290719566181494e-02
3.478357819272756557e-02
3.478487966967088590e-02
3.478674277675230381e-02
3.478908707843199333e-02
3.479182447309244613e-02
3.479485294967740727e-02
3.479807672265777807e-02
3.480142254447856492e-02
3.480484969067013101e-02
3.480832566196617045e-02
3.481182058757261583e-02
3.481530607667289445e-02
3.481875451609422328e-02
3.482213868827896408e-02
3.482543161043054336e-02
3.482860652838634663e-02
3.483163701134741469e-02
3.483449711085086914e-02
3.483716155711249346e-02
3.483960597393363778e-02
3.484180711254188795e-02
3.484374375254847139e-02
3.484539722857701860e-02
3.484675066531770643e-02
3.484778907318317187e-02
3.484849951585473893e-02
3.484887126717064326e-02
3.484889595862764033e-02
3.484856771907834938e-02
3.484788330813728269e-02
3.484684090212339380e-02
3.484543638523240894e-02
3.484366591762781684e-02
3.484152675750026157e-02
3.483901722629206832e-02
3.483613600826785534e-02
3.483288246626400214e-02
3.482925758516477316e-02
3.482526870582448170e-02
3.482093372671905829e-02
3.481627518137128674e-02
3.481131961654666124e-02
3.480609759440882189e-02
3.480064364912188041e-02
3.479499267746932051e-02
3.478917372399621677e-02
3.478321682289760991e-02
3.477715442760530989e-02
3.477102130361095500e-02
3.476485156428427842e-02
3.475868042317271922e-02
3.475254323993472172e-02
3.474647314004040283e-02
3.474050070582723054e-02
3.473465431635912315e-02
3.472896411577596626e-02
3.472345951213037796e-02
3.471816677911494786e-02
3.471310879994044668e-02
3.470829970947544169e-02
3.470373703079659283e-02
3.469941515720711273e-02
3.469532783699031536e-02
3.469146664826639609e-02
3.468783480277778247e-02
3.468443635593423252e-02
3.468126505359110656e-02
3.467830401970620202e-02
3.467552244791942406e-02
3.467288602833188543e-02
3.467036900514033904e-02
3.466795402423857725e-02
3.466562486568234430e-02
3.466335058546218123e-02
3.466108564253311819e-02
3.465877379417924009e-02
3.465637062506409655e-02
3.465388074138937152e-02
3.465133061515451168e-02
3.464875684176380033e-02
3.464620615373562723e-02
3.464373900535862305e-02
3.464143090540091480e-02
3.463937345137436258e-02
3.463762199496897565e-02
3.463619426789286970e-02
3.463509870158814480e-02
3.463435680786169230e-02
3.463412401508396410e-02
3.463462159870987767e-02
3.463607675143547809e-02
3.463862076209585361e-02
3.464220779309960807e-02
3.464675626481973636e-02
3.465217918978374945e-02
3.465852981812429789e-02
3.466598161351356483e-02
3.467470910946610779e-02
3.468484778024438081e-02
3.469637332130471458e-02
3.470921463113938593e-02
3.472330034280610850e-02
3.473860553924807554e-02
3.475516227492934235e-02
3.477295337379420620e-02
3.479192969257491330e-02
3.481202514184435215e-02
3.483316122410295979e-02
3.485524905537978196e-02
3.487816377536148010e-02
3.490170496023824176e-02
3.492566460297086284e-02
3.494984474922237239e-02
3.497414841900953197e-02
3.499855388176414256e-02
3.502303083042847959e-02
3.504752146539743402e-02
3.507189631701313620e-02
3.509603061834609683e-02
3.511980757010083748e-02
3.514328338494339399e-02
3.516671736079714228e-02
3.519040025123030407e-02
3.521456173914246091e-02
3.523905012723841518e-02
3.526358054746742826e-02
3.528784178429695412e-02
3.531188280139775648e-02
3.533615841952779391e-02
3.536116681223751973e-02
3.538723801071643610e-02
3.541404116511191053e-02
3.544107944342040489e-02
3.546786111381550199e-02
3.549441635997232364e-02
3.552120274082306434e-02
3.554869878541194045e-02
3.557715419935285339e-02
3.560623076822383437e-02
3.563549242552065122e-02
3.566453573122253806e-02
3.569340091886874511e-02
3.572241761567675200e-02
3.575196841719031904e-02
3.578226756419919385e-02
3.581320148410849918e-02
3.584462511759321096e-02
3.587643130081446391e-02
3.590876323943986009e-02
3.594187903124171357e-02
3.597606063082542383e-02
3.601155325047267902e-02
3.604854182363322751e-02
3.608721245065840688e-02
3.612768063652559147e-02
3.616988233326381974e-02
3.621370957900893472e-02
3.625905400327007755e-02
3.630603126385384405e-02
3.635502650669502483e-02
3.640644866921800143e-02
3.646060243670946194e-02
3.651719406598855078e-02
3.657571583937936632e-02
3.663565065254412861e-02
3.669693050834102466e-02
3.676033251130540053e-02
3.682674567728848325e-02
3.689700248747675854e-02
3.697091992324642862e-02
3.704753864724651125e-02
3.712586180312012207e-02
3.720508828204324714e-02
3.728598025886289274e-02
3.737000312926780365e-02
3.745866477832230507e-02
3.755305000139436133e-02
3.765262762644139283e-02
3.775654010809582212e-02
3.786394330497556276e-02
3.797442436112490050e-02
3.808941395149855608e-02
3.821087771538176497e-02
3.834081453434852460e-02
3.848100592089490068e-02
3.863180270790302073e-02
3.879303868628421192e-02
3.896451810848824970e-02
3.914593474516878807e-02
3.933748669775498363e-02
3.954036265812448103e-02
3.975585069812451189e-02
3.998519989756316867e-02
4.022960303473453736e-02
4.049003342836686448e-02
4.076685732445983756e-02
4.106032039887848317e-02
4.137049714167440051e-02
4.169735846392645662e-02
4.204087351711733450e-02
4.240101217037131609e-02
4.277785601568682983e-02
4.317160744768514663e-02
4.358242210841663938e-02
4.401039848126769849e-02
4.445559319170615253e-02
4.491813785076084753e-02
4.539820660804261970e-02
4.589596156176882491e-02
4.641155654896260419e-02
4.694514125475636457e-02
4.749685494596710134e-02
4.806683086273847577e-02
4.865521756168309647e-02
4.926218443784946555e-02
4.988792836525774571e-02
5.053266723082777689e-02
5.119663826747627988e-02
5.188009767676815542e-02
5.258332024351933948e-02
5.330659895106541757e-02
5.405024460414008247e-02
5.481462484755617037e-02
5.560039950147936672e-02
5.640838204457863936e-02
5.723943386085544177e-02
5.809446588987272203e-02
5.897444085493403626e-02
5.988037570426308492e-02
6.081334425690008982e-02
6.177438660342526866e-02
6.276362658559776764e-02
6.378059206465848396e-02
6.482474119319325823e-02
6.589546678891734788e-02
6.699209398039313035e-02
6.811387802480209364e-02
6.926000232007863133e-02
7.042956337683689561e-02
7.162146531256884108e-02
7.283446798121161192e-02
7.406724302347592048e-02
7.531837401624918993e-02
7.658635640410718648e-02
7.786959766541988459e-02
7.916641769345535151e-02
8.047564313267713265e-02
8.179981380663157997e-02
8.314306604856773475e-02
8.450975541489207099e-02
8.590449312074710519e-02
8.733218874164667966e-02
8.879809690590427518e-02
9.030786897614338782e-02
9.186682756638724079e-02
9.347681338663375861e-02
9.513852903486022528e-02
9.685264487840078429e-02
9.861979572383533510e-02
1.004405768254544445e-01
1.023155340889487230e-01
1.042451427207858883e-01
1.062283611213322848e-01
1.082604527930708799e-01
1.103357029681308610e-01
1.124479282049670875e-01
1.145905173202131505e-01
1.167564767666308539e-01
1.189384781318825191e-01
1.211289684734099814e-01
1.233214313364881937e-01
1.255103456635219550e-01
1.276900744323303249e-01
1.298548450038633784e-01
1.319987758881991935e-01
1.341159047372407487e-01
1.362002174527940090e-01
1.382457843051370927e-01
1.402479047242466970e-01
1.422026756475399667e-01
1.441062275028673068e-01
1.459547273155186731e-01
1.477443959466209211e-01
1.494715263776379699e-01
1.511325030138602199e-01
1.527238576712747764e-01
1.542442699757383129e-01
1.556955337491194857e-01
1.570795418049613090e-01
1.583979833655076996e-01
1.596524419276778850e-01
1.608444091692232680e-01
1.619752947907994733e-01
1.630464359641506933e-01
1.640590131478199820e-01
1.650120896644765023e-01
1.659025518405368160e-01
1.667271682835657909e-01
1.674826852845568426e-01
1.681661974716742447e-01
1.687760037466322915e-01
1.693109524254564902e-01
1.697703012980850412e-01
1.701531835609588206e-01
1.704555263472897764e-01
1.706713799971814605e-01
1.707939994140450501e-01
1.708183843543471248e-01
1.707469239603754685e-01
1.705845872516191519e-01
1.703361650471608979e-01
1.699946592999004580e-01
1.695455114152256137e-01
1.689741079520309663e-01
1.682867397592330561e-01
1.675049196322609957e-01
1.666486221712634441e-01
1.657099567993726152e-01
1.646683404148439056e-01
1.635149134679277361e-01
1.622774546004261409e-01
1.609909273862592527e-01
1.596596871387975236e-01
1.582645130364112862e-01
1.567980377004379033e-01
1.552908101827218113e-01
1.537787144637718095e-01
1.522688252589428914e-01
1.507525278450332906e-01
1.492336291591492003e-01
1.477378633801893770e-01
1.462914176276642331e-01
1.449065879427780534e-01
1.435899410639571161e-01
1.423496157916528393e-01
1.411964821786978463e-01
1.401409614175160856e-01
1.391951086702477858e-01
1.383687637143610483e-01
1.376598149055004716e-01
1.370584489033161713e-01
1.365497084139896122e-01
1.361193870039264786e-01
1.357555405799833192e-01
1.354544921069436303e-01
1.352146105571514767e-01
1.350353679273139373e-01
1.349145243091793289e-01
1.348412859820220799e-01
1.348030352112087049e-01
1.347877510955128311e-01
1.347839071111230358e-01
1.347869726611657104e-01
1.348076135155097943e-01
1.348619098852168185e-01
1.349653569216559268e-01
1.351315852703183218e-01
1.353667704602206645e-01
1.356746100248898412e-01
1.360595735020820596e-01
1.365188390836718502e-01
1.370447804743991638e-01
1.376318268283611701e-01
1.382783111845845847e-01
1.389827251277098996e-01
1.397430703362164961e-01
1.405568878339211458e-01
1.414199614108364034e-01
1.423264370910382881e-01
1.432699395295273237e-01
1.442423442464694783e-01
1.452350439399301696e-01
1.462394740115219027e-01
1.472470491424570094e-01
1.482535526846155138e-01
1.492621498682938086e-01
1.502767848430551501e-01
1.513015459454759015e-01
1.523415815259696604e-01
1.534032520114282649e-01
1.544930154835203462e-01
1.556162833307218329e-01
1.567757409867572838e-01
1.579735777929038576e-01
1.592119146012745123e-01
1.604928069078133956e-01
1.618182473534213184e-01
1.631898777746774443e-01
1.646084778175888330e-01
1.660734390810361671e-01
1.675838708789939291e-01
1.691390015729616059e-01
1.707381645788016711e-01
1.723807860947886572e-01
1.740663742992787644e-01
1.757944631578698957e-01
1.775641239621585099e-01
1.793741024041483612e-01
1.812231056019125985e-01
1.831098935849324316e-01
1.850333576117492440e-01
1.869923410936941144e-01
1.889856243861081087e-01
1.910123531469623548e-01
1.930722557801913541e-01
1.951650626398320487e-01
1.972904547519311602e-01
1.994480630946866007e-01
2.016374676321195103e-01
2.038581961013312405e-01
2.061106400559395702e-01
2.083988727586640333e-01
2.107279494992860269e-01
2.131029773156350449e-01
2.155290838216766258e-01
2.180113515921850431e-01
2.205548978911417157e-01
2.231645504061618157e-01
2.258402554778918547e-01
2.285783448356818737e-01
2.313750392181675442e-01
2.342265037938499606e-01
2.371288221555836184e-01
2.400779722137485472e-01
2.430698015484226981e-01
2.460992703975475315e-01
2.491593343928255044e-01
2.522423811914006886e-01
2.553404577840872047e-01
2.584452409432110298e-01
2.615480117961299089e-01
2.646396347416087869e-01
2.677109416519907747e-01
2.707559352800396058e-01
2.737700393173515545e-01
2.767481071629211420e-01
2.796842724789165291e-01
2.825718289034449549e-01
2.854030909140428118e-01
2.881691845967577770e-01
2.908586783117334540e-01
2.934574873671596529e-01
2.959502180786988679e-01
2.983200950735821477e-01
3.005487833152943877e-01
3.026161805473778221e-01
3.045003145410450918e-01
3.061813354080913374e-01
3.076433231138138713e-01
3.088700096011197105e-01
3.098446194480964921e-01
3.105501223784529197e-01
3.109696393506486967e-01
3.110847550326144018e-01
3.108616909505804715e-01
3.102599916126976276e-01
3.092403078170033459e-01
3.077654922965457063e-01
3.058053520617027843e-01
3.033609765310737449e-01
3.005720458891610325e-01
2.976610976541526621e-01
2.948315084029230482e-01
2.922414607527492603e-01
2.900162167909127731e-01
2.882012256932201533e-01
2.867018595957783744e-01
2.854224348802865685e-01
2.842804563315359800e-01
2.832032745618234260e-01
2.821164650240607363e-01
2.809751325741802752e-01
2.798064876847433102e-01
2.786428010167687486e-01
2.775156886375690357e-01
2.764746928674381432e-01
2.755756549213353446e-01
2.748519496144518071e-01
2.743134530317553610e-01
2.739638089816616162e-01
2.737914035044938244e-01
2.737812557292122473e-01
2.739209489714459211e-01
2.741982437563015851e-01
2.746003546372672854e-01
2.751171464060150340e-01
2.757461654952987895e-01
2.764868279113065208e-01
2.773378910381042450e-01
2.782974298410752501e-01
2.793628760864214078e-01
2.805313659143855443e-01
2.817996680315688063e-01
2.831621468894216509e-01
2.846118599376094016e-01
2.837096395973285889e-01
2.773107112084558512e-01
2.712223055249784465e-01
2.653873527750946204e-01
2.597402043089978574e-01
2.542289333938405060e-01
2.488689787761422245e-01
2.437111977094490456e-01
2.387992482734863087e-01
2.341404650222846107e-01
2.296797615011488547e-01
2.253610802188969475e-01
2.211395262381156690e-01
2.170231928495393037e-01
2.130480137338368885e-01
2.092452704171023081e-01
2.056302344398367732e-01
2.021746022829281619e-01
1.988437062290544233e-01
1.956068321036817936e-01
1.924510810587649057e-01
1.893912333214570198e-01
1.864429240298565438e-01
1.836193750051313411e-01
1.809202253990965792e-01
1.783292754955318749e-01
1.758307599924433529e-01
1.734105301901198437e-01
1.710620674860405532e-01
1.687881326807512128e-01
1.665915415946759015e-01
1.644744830109107769e-01
1.624361524576868054e-01
1.604708401491074798e-01
1.585726045412834406e-01
1.567358395779986646e-01
1.549553811547932092e-01
1.532268830954376382e-01
1.515463681510377802e-01
1.499104777491369334e-01
1.483165642631664727e-01
1.467643786195173827e-01
1.452553936776212196e-01
1.437908552020768227e-01
1.423717539436931967e-01
1.409974043575351610e-01
1.396616651178723134e-01
1.383575523014355380e-01
1.370785569559841155e-01
1.358189461934252995e-01
1.345778628174134073e-01
1.333607693296021135e-01
1.321732251846279571e-01
1.310203278863805443e-01
1.299065536980439362e-01
1.288302722632356789e-01
1.277835814073978171e-01
1.267586962513282678e-01
1.257482562125162295e-01
1.247456073454524250e-01
1.237506629263020880e-01
1.227703297696829815e-01
1.218115223074761194e-01
1.208807827196776707e-01
1.199842644167085637e-01
1.191233338047870960e-01
1.182911016405773230e-01
1.174801578587813256e-01
1.166833841777690922e-01
1.158939225837433695e-01
1.151069897625313088e-01
1.143263296303254767e-01
1.135580923346010962e-01
1.128081966574224215e-01
1.120823364543737793e-01
1.113858540346732984e-01
1.107193449529804141e-01
1.100771967185136674e-01
1.094528987661298469e-01
1.088401826957054175e-01
1.082330532210618035e-01
1.076263799246863356e-01
1.070202443789077390e-01
1.064172004047519299e-01
1.058197102567760423e-01
1.052303311204072778e-01
1.046526127212938084e-01
1.040896662673345130e-01
1.035407236681185617e-01
1.030038925205254002e-01
1.024773472796338958e-01
1.019593052925415744e-01
1.014480194156585358e-01
1.009422406902201613e-01
1.004419902740644466e-01
9.994690036196182681e-02
9.945674025934952978e-02
9.897148758768019305e-02
9.849131530871445273e-02
9.801637007769867238e-02
9.754542573054622578e-02
9.707655607859491664e-02
9.660703317050339800e-02
9.613285829096634982e-02
9.564996083950910721e-02
9.515434579101979262e-02
9.464234226394183103e-02
9.411063014188053577e-02
9.355600940497459106e-02
9.297543583384267063e-02
9.236614004116329435e-02
9.172579506279056327e-02
9.105255350367649769e-02
9.034521827157922236e-02
8.960290830429874787e-02
8.882491800322361852e-02
8.801066621553450819e-02
8.715961718732867514e-02
8.626975153003904606e-02
8.533649166982398837e-02
8.435484736686052476e-02
8.332025582871963043e-02
8.222871269029183305e-02
8.107683629558068428e-02
7.986191025605024474e-02
7.858195795427894148e-02
7.723654178426715700e-02
7.582629672649679464e-02
7.435204443013926356e-02
7.281479642120888829e-02
7.121578851734880478e-02
6.955651678941626725e-02
6.783871210558860276e-02
6.606373973207294026e-02
6.423292971887926972e-02
6.234817338668974945e-02
6.041198686473977369e-02
5.842750239032461906e-02
5.639846166065772687e-02
5.432923377780998764e-02
5.222509589660433854e-02
5.009286980581242193e-02
4.794185525256078328e-02
4.578156024384807260e-02
4.362122213702986084e-02
4.146971867632088388e-02
3.933547258729724189e-02
3.722624532964977084e-02
3.514914776133250263e-02
3.311152594375590952e-02
3.112064909006206914e-02
2.918296628552635719e-02
2.730410516878138336e-02
2.548889253829552531e-02
2.374139727553441562e-02
2.206496040551643792e-02
2.046211670574937455e-02
1.893457414511792725e-02
1.748338316091907138e-02
1.610900124299245381e-02
1.481132668506745208e-02
1.358973094629666381e-02
1.244307744502492000e-02
1.136981510222953573e-02
1.036825288705420581e-02
9.436534185647436554e-03
8.572461972434322272e-03
7.773556902286649951e-03
7.037114184643043606e-03
6.360251534734551702e-03
5.739953251735345138e-03
5.173133971547291300e-03
4.656733207522440778e-03
4.187640924495224584e-03
3.762713081381786721e-03
3.378819137437650590e-03
3.032881309643020284e-03
2.721906064620235009e-03
2.443008241628944702e-03
2.193435444759612475e-03
1.970585960747296347e-03
1.771993837939396391e-03
1.595334630132032175e-03
1.438433565102827192e-03
1.299266923192924977e-03
1.175962679369051914e-03
1.066799550479664242e-03
9.702040986074130435e-04
8.847472940361700506e-04
8.091384590954192775e-04
7.422153478080283171e-04
6.829370928162589076e-04
6.303765213895699566e-04
5.837119685022034528e-04
5.422183699235454818e-04
5.052582329639310980e-04
4.722729254517959063e-04
4.427743749891240618e-04
4.163366399596926128e-04
3.925886498268230779e-04
3.712081916984268678e-04
3.519146320846096884e-04
3.344631854558664428e-04
3.186407839362845112e-04
3.042631133305979821e-04
2.911697398428213148e-04
2.792201215950137344e-04
2.682881881553351067e-04
2.582622973955250780e-04
2.490449507206961483e-04
2.405531431385832199e-04
2.327153254719544384e-04
2.254683713255184734e-04
2.187547276700890200e-04
2.125224002162156732e-04
2.067257096928496775e-04
2.013276078792352621e-04
1.962963838765632602e-04
1.916023203164095453e-04
1.872140059844385309e-04
1.831023015778150036e-04
1.792425749588026304e-04
1.756155617051795802e-04
1.722043171766540748e-04
1.689925419443430779e-04
1.659643571729209311e-04
1.631054511391829816e-04
1.604045838160683831e-04
1.578522970387110844e-04
1.554392719744634316e-04
1.531551886032533286e-04
1.509903329326628190e-04
1.489361051936550411e-04
1.469849611075031411e-04
1.451300809501313244e-04
1.433654104665126744e-04
1.416854408846095106e-04
1.400852115077568362e-04
1.385603597697089258e-04
1.371068584947769610e-04
1.357212647052203323e-04
1.344005972461640515e-04
1.331415921716831133e-04
1.319396407067748782e-04
1.307902002810713902e-04
1.296901380195224468e-04
1.286375984692136887e-04
1.276306952077181579e-04
1.266666150737110353e-04
1.257424183143266219e-04
1.248564673563773246e-04
1.240086205045417059e-04
1.231984252111665244e-04
1.224230979347204766e-04
1.216792301479981917e-04
1.209647134836760058e-04
1.202791088639638012e-04
1.196219505529017973e-04
1.189916218747083174e-04
1.183861497027615951e-04
1.178044020789117632e-04
1.172463930899569695e-04
1.167120537584185778e-04
1.162001344263492622e-04
1.157090023574331366e-04
1.152374345906193048e-04
1.147847393604935283e-04
1.143502694462907607e-04
1.139332735719235325e-04
1.135329895754594412e-04
1.131487560165098067e-04
1.127800331198924362e-04
1.124263612263363564e-04
1.120874884615338611e-04
1.117632279277361269e-04
1.114529633659321284e-04
1.111555971326842166e-04
1.108702536720845323e-04
1.105970182689035189e-04
1.103361800495436019e-04
1.100872119651705319e-04
1.098488595286796585e-04
1.096202299200514061e-04
1.094016123901083142e-04
1.091934916663101868e-04
1.089953505119213226e-04
1.088059147327351814e-04
1.086245268043853341e-04
1.084521131140030523e-04
1.082896624671197006e-04
1.081365469064796538e-04
1.079912601026013935e-04
1.078528797922982419e-04
1.077215564522417140e-04
1.075975017684338569e-04
1.074803709075974900e-04
1.073695820263590963e-04
1.072649839257329576e-04
1.071670217018603057e-04
1.070760488295551075e-04
1.069918057044319840e-04
1.069138564692166042e-04
1.068417444368079767e-04
1.067749999536873624e-04
1.067132540397873681e-04
1.066564198694805633e-04
1.066044702347565944e-04
1.065573186628118393e-04
1.065148257730582943e-04
1.064770692378285414e-04
1.064446364646608406e-04
1.064180423037680426e-04
1.063966428091726331e-04
1.063792460988128972e-04
1.063652330287825248e-04
1.063548680003457855e-04
1.063483891681248419e-04
1.063453986446633807e-04
1.063453105046916462e-04
1.063484990718944258e-04
1.063563518081284424e-04
1.063697086978098800e-04
1.063874404781158244e-04
1.064080946861134302e-04
1.064312554928341625e-04
1.064572426459654006e-04
1.064861984498624694e-04
1.065178116957542676e-04
1.065517900961362790e-04
1.065885157073441416e-04
1.066286706494026532e-04
1.066724826893431237e-04
1.067195482089940752e-04
1.067694476316659536e-04
1.068219019159864476e-04
1.068766886281853292e-04
1.069337183735485144e-04
1.069930181007933086e-04
1.070545923144952167e-04
1.071183580823322320e-04
1.071842362706115374e-04
1.072524383889009143e-04
1.073233458628006682e-04
1.073969786988539742e-04
1.074727234487797681e-04
1.075499955022629498e-04
1.076287300435869640e-04
1.077090467816943037e-04
1.077909696604590061e-04
1.078744171726401054e-04
1.079593146198397710e-04
1.080456260654781461e-04
1.081333239476560973e-04
1.082223731817759084e-04
1.083127338210893996e-04
1.084043679953280179e-04
1.084972412494557845e-04
1.085913202167083241e-04
1.086865717085870429e-04
1.087829630981220489e-04
1.088804626999154113e-04
1.089790397747145698e-04
1.090786643519828112e-04
1.091793071621973760e-04
1.092809396557811469e-04
1.093835340053403194e-04
1.094870630832913886e-04
1.095915004335293476e-04
1.096968202513218900e-04
1.098029973688442821e-04
1.099100072394208240e-04
1.100178259205447792e-04
1.101264300574458950e-04
1.102357968676374725e-04
1.103459041262076865e-04
1.104567301514354483e-04
1.105682537907361234e-04
1.106804544070589684e-04
1.107933118657514253e-04
1.109068065218087143e-04
1.110209192075235649e-04
1.111356312204897219e-04
1.112509243119647159e-04
1.113667806755922499e-04
1.114831829364446551e-04
1.116001141403991201e-04
1.117175577438105289e-04
1.118354976035082054e-04
1.119539179670485970e-04
1.120728034632784197e-04
1.121921390931435912e-04
1.123119102207825786e-04
1.124321025648435780e-04
1.125527021900731256e-04
1.126736954991186616e-04
1.127950692245678301e-04
1.129168104212050394e-04
1.130389064584875190e-04
1.131613450132118166e-04
1.132841140623958622e-04
1.134072018763398977e-04
1.135305970118889599e-04
1.136542883058581840e-04
1.137782648686434101e-04
1.139025160780047206e-04
1.140270315729982554e-04
1.141518012480877066e-04
1.142768152473930867e-04
1.144020639590922610e-04
1.145275380099764639e-04
1.146532282601309859e-04
1.147791257977683678e-04
1.149052219341786070e-04
1.150315081988110400e-04
1.151579763344957625e-04
1.152846182927645918e-04
1.154114262292894899e-04
1.155383924994642629e-04
1.156655096540532517e-04
1.157927704349827433e-04
1.159201677712176149e-04
1.160476947747438221e-04
1.161753447366532913e-04
1.163031111233178510e-04
1.164309875726564190e-04
1.165589678905048766e-04
1.166870460470548166e-04
1.168152161733869291e-04
1.169434725536497158e-04
1.170718092088199514e-04
1.172002195544251667e-04
1.173286970668889235e-04
1.174572353593130228e-04
1.175858281787605216e-04
1.177144694036108482e-04
1.178431530409710938e-04
1.179718732241388844e-04
1.181006242101278927e-04
1.182294003772424776e-04
1.183581962227135817e-04
1.184870063603695936e-04
1.186158255183637387e-04
1.187446485369715490e-04
1.188734703663919660e-04
1.190022860646395566e-04
1.191310907954452810e-04
1.192598798262340081e-04
1.193886485261101905e-04
1.195173923639088475e-04
1.196461069062910158e-04
1.197747878158559497e-04
1.199034308493073561e-04
1.200320318556543503e-04
1.201605867744527043e-04
1.202890916340744871e-04
1.204175425500240141e-04
1.205459357232608979e-04
1.206742674386054583e-04
1.208025340631177855e-04
1.209307320445612632e-04
1.210588579098543279e-04
1.211869082635894080e-04
1.213148797865526895e-04
1.214427692342889717e-04
1.215705734356822289e-04
1.216982892915884052e-04
1.218259137734554684e-04
1.219534439220161607e-04
1.220808768459626158e-04
1.222082097206796580e-04
1.223354397869884293e-04
1.224625643499050722e-04
1.225895807774486906e-04
1.227164864994426282e-04
1.228432790063647810e-04
