7.358566690377867092e-02
4.674604286220131188e-02
4.155888972028756734e-02
3.957016192943174637e-02
3.850746452842256085e-02
3.782736396136204826e-02
3.735164368016437308e-02
3.699812156526607193e-02
3.672289692403301470e-02
3.650327120128445818e-02
3.632609529487570987e-02
3.617663209805738883e-02
3.604965354512994213e-02
3.594079871414781330e-02
3.584714718091471658e-02
3.576433758223269976e-02
3.569307788273756027e-02
3.563002727392731994e-02
3.557287528711262914e-02
3.552414579916444992e-02
3.548118335607106794e-02
3.544107411753941866e-02
3.540545958888995787e-02
3.537553713156838670e-02
3.534957911480297171e-02
3.532579292345852662e-02
3.530391847305476560e-02
3.528457802468377286e-02
3.526810325895504000e-02
3.525426932873461372e-02
3.524250391116087733e-02
3.523238236435178444e-02
3.522361416949843643e-02
3.521608317975569863e-02
3.520979468266248469e-02
3.520472472312913270e-02
3.520082534969092014e-02
3.519803683559578900e-02
3.519629380734132229e-02
3.519552771029987870e-02
3.519566277994093384e-02
3.519663099794466399e-02
3.519837608797488776e-02
3.520085110519792504e-02
3.520401655386341117e-02
3.520783893274764820e-02
3.521228961376104971e-02
3.521734398318239478e-02
3.522298078689663908e-02
3.522918169054886639e-02
3.523593179078466503e-02
3.524321921059375695e-02
3.525103413338393638e-02
3.525936863398784760e-02
3.526821658739837106e-02
3.527757361962027827e-02
3.528743709169156889e-02
3.529780610914060035e-02
3.530868154994855346e-02
3.532006610458199303e-02
3.533196432193057290e-02
3.534438265510608801e-02
3.535732873741873061e-02
3.537080506186635054e-02
3.538481374150864722e-02
3.539937697727162103e-02
3.541452331082917820e-02
3.543028057304795087e-02
3.544667585872033483e-02
3.546373546898104467e-02
3.548148479304143871e-02
3.549994810336669360e-02
3.551915072521322908e-02
3.553914908956746360e-02
3.556002802892393316e-02
3.558188355999036823e-02
3.560482361881649876e-02
3.562896937678818737e-02
3.565445688281304593e-02
3.568143990496829704e-02
3.571007338133634634e-02
3.574043304522343811e-02
3.577256040791014502e-02
3.580648819043504710e-02
3.584223834172497319e-02
3.587981988500006658e-02
3.591922659173457655e-02
3.596047781087059053e-02
3.600376567913599751e-02
3.604935079388136426e-02
3.609752205016980575e-02
3.614859730580811253e-02
3.620292315922453430e-02
3.626086531375468519e-02
3.632263384254061367e-02
3.638824260933286314e-02
3.645767810155510491e-02
3.653090745772107073e-02
3.660787711568155162e-02
3.668851148878504026e-02
3.677277741567034491e-02
3.686092554603519894e-02
3.695330523096478081e-02
3.705028481492490117e-02
3.715224859316998418e-02
3.725959707067954402e-02
3.737277835324617770e-02
3.749212894911439081e-02
3.761776151677061891e-02
3.774977227236748362e-02
3.788826267237379447e-02
3.803334096479909360e-02
3.818512396088485916e-02
3.834373917024534728e-02
3.850939581677512852e-02
3.868249876616696586e-02
3.886349467958957055e-02
3.905283805789076107e-02
3.925095106267197098e-02
3.945822294236141226e-02
3.967503952783047599e-02
3.990178284649741752e-02
4.013881942557842586e-02
4.038643528657200749e-02
4.064489209000201470e-02
4.091446731058922398e-02
4.119545563266609201e-02
4.148817013818007632e-02
4.179294157908479412e-02
4.211003929718568767e-02
4.243963531455709204e-02
4.278190065975263912e-02
4.313701261037818785e-02
4.350515431314608966e-02
4.388651456883024826e-02
4.428129255065685332e-02
4.468969482554559225e-02
4.511192790142622838e-02
4.554819823706564297e-02
4.599868433173032178e-02
4.646347309557746080e-02
4.694262391306493198e-02
4.743618508807170842e-02
4.794419418009976397e-02
4.846667832260836972e-02
4.900365452042134556e-02
4.955512992289628355e-02
5.012110206926522621e-02
5.070155870939609816e-02
5.129646403258119464e-02
5.190575396377450357e-02
5.252935207588039362e-02
5.316717062752925743e-02
5.381911044311468717e-02
5.448506072627069818e-02
5.516489880011261199e-02
5.585848976727333937e-02
5.656568651031520373e-02
5.728662087662717700e-02
5.802223811133001841e-02
5.877367456812106206e-02
5.954213250828641057e-02
6.032888666511587034e-02
6.113529088839773917e-02
6.196278484909269885e-02
6.281290076147517942e-02
6.368726978562992691e-02
6.458728259580712172e-02
6.551336213257899499e-02
6.646572060419919659e-02
6.744453666973619643e-02
6.844995277233945075e-02
6.948207295011582518e-02
7.054096827190024788e-02
7.162667727191260325e-02
7.273918037790091939e-02
7.387780136904976980e-02
7.504104342930055516e-02
7.622724902626401566e-02
7.743465051157313872e-02
7.866137946258336400e-02
7.990547570169090341e-02
8.116489581729745273e-02
8.243752106691036585e-02
8.372108566628698456e-02
8.501290440193395859e-02
8.631011173736725939e-02
8.760976938927704516e-02
8.890888489602272182e-02
9.020443162677288518e-02
9.149336987145234579e-02
9.277266847009806028e-02
9.403933199448373526e-02
9.529080549174938353e-02
9.652521952208831246e-02
9.774080384419177314e-02
9.893583445686623956e-02
1.001086378628110590e-01
1.012575931033410231e-01
1.023811327150147693e-01
1.034777417350401518e-01
1.045459550515209640e-01
1.055848044876907255e-01
1.065951036592820006e-01
1.075780120915204863e-01
1.085345851388211935e-01
1.094657819957256251e-01
1.103724734825602127e-01
1.112554497093812544e-01
1.121154372095137103e-01
1.129532413883641562e-01
1.137697538821094423e-01
1.145656754938538108e-01
1.153401836203196834e-01
1.160917786831245635e-01
1.168190170477011458e-01
1.175205102806990004e-01
1.181948347878007816e-01
1.188405634261450322e-01
1.194563233030543348e-01
1.200408007444438985e-01
1.205927450224458797e-01
1.211108886577707405e-01
1.215938109614508322e-01
1.220399952029799784e-01
1.224479105625064790e-01
1.228160997226261514e-01
1.231438152660138952e-01
1.234310693614847770e-01
1.236780921921508403e-01
1.238852721667861451e-01
1.240518401504331902e-01
1.241755341410737956e-01
1.242538992999032837e-01
1.242847734981902263e-01
1.242696181222536639e-01
1.242127743609424129e-01
1.241194945998678467e-01
1.239910717244861599e-01
1.238236815201578245e-01
1.236126192398699919e-01
1.233575066199597420e-01
1.230665337267027176e-01
1.227492250926704581e-01
1.224085558173703681e-01
1.220370561796364911e-01
1.216260638616065981e-01
1.211756501625107368e-01
1.206960484439105891e-01
1.201973611721313673e-01
1.196779947181910025e-01
1.191298278853403642e-01
1.185476851242758117e-01
1.179382628994453536e-01
1.173110808859625931e-01
1.166692393920113480e-01
1.160082041633339334e-01
1.153239970225320432e-01
1.146197214980207851e-01
1.139013375012160739e-01
1.131729266439249343e-01
1.124354269625555403e-01
1.116899031918960755e-01
1.109376908525459282e-01
1.101801680899317376e-01
1.094215978921214000e-01
1.086710039433145675e-01
1.079368613181629633e-01
1.072181860116151048e-01
1.065096330054809970e-01
1.058121278368333862e-01
1.051411478607256478e-01
1.045130780767583450e-01
1.039295540507370885e-01
1.033774361438868084e-01
1.028444765217947920e-01
1.023358140296350555e-01
1.018665092422493257e-01
1.014481815304332929e-01
1.010749120097123588e-01
1.007321252443281745e-01
1.004066079997679856e-01
1.000955908152580537e-01
9.980830951733321577e-02
9.955414994796328576e-02
9.933846209215652090e-02
9.915426826490220114e-02
9.899228183909979106e-02
9.884392753685872224e-02
9.870467525481357862e-02
9.857792434801798676e-02
9.846774430941740430e-02
9.837787746371877418e-02
9.831127695382367582e-02
9.826729152085722507e-02
9.824522520229490852e-02
9.824491098714129012e-02
9.826743552458075404e-02
9.831746507657425360e-02
9.840053350838119661e-02
9.852204638985247176e-02
9.868653209258260173e-02
9.889406883522658398e-02
9.914226767293490838e-02
9.942867514322595301e-02
9.975091858414390777e-02
1.001066883284604109e-01
1.004937288192168515e-01
1.009099620637370770e-01
1.013534240589428620e-01
1.018216322002978153e-01
1.023114100472748283e-01
1.028194614572812138e-01
1.033424076464697638e-01
1.038767999292127819e-01
1.044192747279678035e-01
1.049664706785264773e-01
1.055149320507001720e-01
1.060621714876204408e-01
1.066097733948308673e-01
1.071604018801692176e-01
1.077168082325163784e-01
1.082815026851696311e-01
1.088566191772181169e-01
1.094443358343421963e-01
1.100469130645829186e-01
1.106665639175681420e-01
1.113043211969168972e-01
1.119605818656742441e-01
1.126358188823748802e-01
1.133310898082822010e-01
1.140478353344887702e-01
1.147874626457084934e-01
1.155513312170805829e-01
1.163407212336995539e-01
1.171562387815067580e-01
1.179978237678348807e-01
1.188653248061651013e-01
1.197585118526386799e-01
1.206767332254826408e-01
1.216190414362288974e-01
1.225845298926180466e-01
1.235723326909231312e-01
1.245815549334973182e-01
1.256112236271914040e-01
1.266603682208476689e-01
1.277280193563329891e-01
1.288131996626362685e-01
1.299149158363550882e-01
1.310321582719484179e-01
1.321641460293787873e-01
1.333105717590598871e-01
1.344716122632186039e-01
1.356475264700397199e-01
1.368385706017036518e-01
1.380449975484761838e-01
1.392670557509307072e-01
1.405049876093794614e-01
1.417590274440656273e-01
1.430298599479721822e-01
1.443204330058033558e-01
1.456344056368948092e-01
1.469753902489268904e-01
1.483466393539316364e-01
1.497512965365029869e-01
1.511925702275724315e-01
1.526737455736060511e-01
1.541977715231422907e-01
1.557641063328247255e-01
1.573704458790602112e-01
1.590144676265485280e-01
1.606938252058186523e-01
1.624061307763232376e-01
1.641489382178285827e-01
1.659197268942563253e-01
1.677158403150305899e-01
1.695336289998839729e-01
1.713684714083962557e-01
1.732154914400443613e-01
1.750696392377237842e-01
1.769257546486170118e-01
1.787784268262423426e-01
1.806219671658238213e-01
1.824504429298941244e-01
1.842601622201928413e-01
1.860512628027273241e-01
1.878243144474268100e-01
1.895799947670772090e-01
1.913190870179266312e-01
1.930424709826671636e-01
1.947511049848283105e-01
1.964459837236135487e-01
1.981265308082414134e-01
1.997889897411140592e-01
2.014284420326376279e-01
2.030390724082690446e-01
2.046145713798827037e-01
2.061481037973756647e-01
2.076322545395134778e-01
2.090589912874331324e-01
2.104210943570140879e-01
2.117130856413479978e-01
2.129290531665869457e-01
2.140624040496630354e-01
2.151069042281142651e-01
2.160570042967666082e-01
2.169065690276537617e-01
2.176477285909919346e-01
2.182593961403401228e-01
2.187111729787230285e-01
2.189717897252161927e-01
2.190076370479542289e-01
2.187809665546706916e-01
2.182516283071582741e-01
2.173782892393197885e-01
2.161706788197321483e-01
2.147159621765331872e-01
2.131250371964108214e-01
2.115173251304319213e-01
2.100107976968393630e-01
2.087066946876406925e-01
2.076729863697494016e-01
2.068728779015380215e-01
2.062373427434798512e-01
2.057057102723822417e-01
2.052232664392747430e-01
2.047377351341859719e-01
2.041977676433094357e-01
2.035696864956309526e-01
2.028728780989993152e-01
2.021376447012604438e-01
2.013947256692581456e-01
2.006744794996844494e-01
2.000058825961037734e-01
1.994132283688882790e-01
1.989062334764321871e-01
1.984824061538537909e-01
1.981389910868407711e-01
1.978736846416020156e-01
1.976871773214662342e-01
1.975823383538238553e-01
1.975614496811236298e-01
1.976253155145171747e-01
1.977737812850675347e-01
1.980060807679646928e-01
1.983188032963738301e-01
1.987068153198640885e-01
1.991654441636490080e-01
1.996903368255728284e-01
2.002768512725737748e-01
2.009205314138298171e-01
2.016172896820030702e-01
2.023643737346283722e-01
2.031610585790608325e-01
2.040066678014798573e-01
2.049006807627561932e-01
2.058445459803237565e-01
2.068403869665467743e-01
2.078901539698705669e-01
2.089956339563030785e-01
2.101584371680020602e-01
2.113791804484275727e-01
2.126574875280230481e-01
2.139924886278614657e-01
2.153830531880254473e-01
2.168282368476254773e-01
2.183272688872314737e-01
2.198795325327977390e-01
2.214845482277600641e-01
2.231419531349428664e-01
2.248506977684193997e-01
2.266082549624473808e-01
2.231766484508808379e-01
2.196422869679026391e-01
2.162225545567178220e-01
2.129404147069020037e-01
2.098071167182495034e-01
2.068003855175825356e-01
2.038926623850887410e-01
2.010590906726749116e-01
1.982828620210451420e-01
1.955714698721471856e-01
1.929371971068047364e-01
1.903911580948061677e-01
1.879409626670127398e-01
1.855787276817827125e-01
1.832913156733604332e-01
1.810666934103228320e-01
1.788942079733405466e-01
1.767708525619633708e-01
1.746997380733252558e-01
1.726837307946894051e-01
1.707252636442741778e-01
1.688249656014282341e-01
1.669792182054936069e-01
1.651840313903691626e-01
1.634361151611453955e-01
1.617324873606308944e-01
1.600706954023769224e-01
1.584487427441856333e-01
1.568647535033387275e-01
1.553169503991525535e-01
1.538039577192235052e-01
1.523266964208478402e-01
1.508869369881738476e-01
1.494862590713595674e-01
1.481260592859716951e-01
1.468066517806219662e-01
1.455237819968033808e-01
1.442720720569438120e-01
1.430465108017596465e-01
1.418424308864835448e-01
1.406565178490204460e-01
1.394916858412952321e-01
1.383528389073645504e-01
1.372445784688808845e-01
1.361712122044986262e-01
1.351362126577402289e-01
1.341363968387355721e-01
1.331646316318588763e-01
1.322141671828214182e-01
1.312787007512525306e-01
1.303524074324349802e-01
1.294338009285926627e-01
1.285285965813530440e-01
1.276429673236958440e-01
1.267827595262859264e-01
1.259534419897006263e-01
1.251586875329041837e-01
1.243943656651980978e-01
1.236526319183964273e-01
1.229260308442093191e-01
1.222075410717279875e-01
1.214905692868691045e-01
1.207706202613019197e-01
1.200504975916065059e-01
1.193346779325550056e-01
1.186274716352994502e-01
1.179335835376751906e-01
1.172576566671475473e-01
1.166022440204652622e-01
1.159640476032032796e-01
1.153389345591016996e-01
1.147231688495430335e-01
1.141134078404181379e-01
1.135066830184491282e-01
1.129014093287268455e-01
1.122997585008563837e-01
1.117037538848108524e-01
1.111149882822583673e-01
1.105346783814261935e-01
1.099636782463097040e-01
1.094022384439802542e-01
1.088477273680015095e-01
1.082961616437846941e-01
1.077438514549799858e-01
1.071868759668682530e-01
1.066206293543041500e-01
1.060407538375326558e-01
1.054442394484828571e-01
1.048301523834189175e-01
1.041978030246362985e-01
1.035464941536552719e-01
1.028754818911277735e-01
1.021839381799265756e-01
1.014708117515748242e-01
1.007338817377107787e-01
9.997030585630406474e-02
9.917742255599064360e-02
9.835281734664215458e-02
9.749436854863040292e-02
9.660028619713058318e-02
9.566918960848935782e-02
9.470027004413004990e-02
9.369165916933906713e-02
9.264045123747825794e-02
9.154388166887303391e-02
9.039936031214149126e-02
8.920448026733152069e-02
8.795707183048644129e-02
8.665537445652911341e-02
8.529795462684701401e-02
8.388381449447245009e-02
8.241285780416134077e-02
8.088541359356883620e-02
7.930206342865477043e-02
7.766363223896692591e-02
7.597105083005875614e-02
7.422555533917835069e-02
7.242880854920566436e-02
7.058289115819840753e-02
6.869023101070695358e-02
6.675359305652667219e-02
6.477614652140052665e-02
6.276161784112350983e-02
6.071417448016894203e-02
5.863815142434058991e-02
5.653802444138412986e-02
5.441839309482533055e-02
5.228447639380189721e-02
5.014318957630306550e-02
4.800147129021856834e-02
4.586580838091335044e-02
4.374255135000323230e-02
4.163795085724854295e-02
3.955810746455690197e-02
3.750891245967651055e-02
3.549607843819025527e-02
3.352572423837355681e-02
3.160375594424191109e-02
2.973534158587768858e-02
2.792484376946756039e-02
2.617585589074358093e-02
2.449124953419738737e-02
2.287322630266905993e-02
2.132336816719269251e-02
1.984261747644730164e-02
1.843136487928674280e-02
1.708962382509298869e-02
1.581707711557284526e-02
1.461309871954947701e-02
1.347677331576667241e-02
1.240691515882818598e-02
1.140208965549996227e-02
1.046076706630126758e-02
9.581346325881832937e-03
8.761925301112119882e-03
8.000341027559636220e-03
7.294232444639756757e-03
6.641097567098384197e-03
6.038344160566401497e-03
5.483333529645822817e-03
4.973449030688453960e-03
4.506162568546903321e-03
4.078946380067681281e-03
3.689273653913962333e-03
3.334640424798761965e-03
3.012586641739063188e-03
2.720715339779968336e-03
2.456709587392870951e-03
2.218349221238357597e-03
2.003529543451486490e-03
1.810260533246105859e-03
1.636663073015514865e-03
1.480970473488868412e-03
1.341528719785860073e-03
1.216794749687851286e-03
1.105333126783344683e-03
1.005815131358126814e-03
9.170165917854567828e-04
8.378175273150447432e-04
7.671962188642391690e-04
7.042232750041570568e-04
6.480576436633019716e-04
5.979401027217146362e-04
5.531881682984848793e-04
5.131907418597398286e-04
4.774015553537688502e-04
4.453340332122798523e-04
4.165569493205424786e-04
3.906891152194563168e-04
3.673946466799819159e-04
3.463791485062813944e-04
3.273836736121131302e-04
3.101802625871340723e-04
2.945685120624323759e-04
2.803723607484630894e-04
2.674370411364339751e-04
2.556264689462191047e-04
2.448207825201784062e-04
2.349142995489813439e-04
2.258138155551675356e-04
2.174374923079565932e-04
2.097140186933667109e-04
2.025804370150579323e-04
1.959805970169449453e-04
1.898626435296249396e-04
1.841798468667634283e-04
1.788908335606421041e-04
1.739603815398384548e-04
1.693581462195139413e-04
1.650570470685985055e-04
1.610316731651879635e-04
1.572580533377361555e-04
1.537145306202070062e-04
1.503832294841145453e-04
1.472497588284756270e-04
1.443010392135890270e-04
1.415231446941719613e-04
1.389013398568582087e-04
1.364222667921665951e-04
1.340752931406395492e-04
1.318521988832311838e-04
1.297455499578623571e-04
1.277475975698325061e-04
1.258504223197347348e-04
1.240467791889315007e-04
1.223311302538086526e-04
1.206990362607714080e-04
1.191462315660348078e-04
1.176676814641461366e-04
1.162583110654757295e-04
1.149135125835654798e-04
1.136293518402661833e-04
1.124022866522019062e-04
1.112290731562218997e-04
1.101067504586629106e-04
1.090325669930248328e-04
1.080040309810691553e-04
1.070189075597542205e-04
1.060751196054139688e-04
1.051709548638754798e-04
1.043049944699372218e-04
1.034757702776533555e-04
1.026809127002494568e-04
1.019177991775271409e-04
1.011842789291971483e-04
1.004793229245969864e-04
9.980215800062228779e-05
9.915161959356619129e-05
9.852594168465123254e-05
9.792345819308470123e-05
9.734361349079942763e-05
9.678665866378404164e-05
9.625258826411164361e-05
9.573977112417452362e-05
9.524608251671506172e-05
9.477000457945679768e-05
9.431132480459240050e-05
9.387000546913242449e-05
9.344543299355405396e-05
9.303641086854766190e-05
9.264187224182409298e-05
9.226164461775347963e-05
9.189597998839653056e-05
9.154486063904942355e-05
9.120741229324093920e-05
9.088263148996726648e-05
9.056979568572888636e-05
9.026851970318646140e-05
8.997844175884871080e-05
8.969914172354767504e-05
8.943017905585314139e-05
8.917115935886367408e-05
8.892180289658927232e-05
8.868187453285219558e-05
8.845122655410458891e-05
8.822981377856345473e-05
8.801756156439114690e-05
8.781395473201129810e-05
8.761824082941568198e-05
8.742987546284995237e-05
8.724897830511611860e-05
8.707578699947844637e-05
8.691008156992077337e-05
8.675109262720620833e-05
8.659813135791693465e-05
8.645129896140287776e-05
8.631109435244634152e-05
8.617769700022069449e-05
8.605033943784541671e-05
8.592811361626005783e-05
8.581090591041239319e-05
8.569944376852695121e-05
8.559431268856721223e-05
8.549498688983349045e-05
8.540051560881535715e-05
8.531030356560105003e-05
8.522452545108254293e-05
8.514345506302652133e-05
8.506699826912495778e-05
8.499473572202584316e-05
8.492633248183007865e-05
8.486194611994242736e-05
8.480187787811880814e-05
8.474622253210536429e-05
8.469473712072661184e-05
8.464715141481657542e-05
8.460320218893335059e-05
8.456263930691627873e-05
8.452527140650364337e-05
8.449107221870936688e-05
8.446005350177386735e-05
8.443216745503137545e-05
8.440728253952695125e-05
8.438530230397143280e-05
8.436649821062607284e-05
8.435130681052538306e-05
8.433983490636837242e-05
8.433141208817815913e-05
8.432529395250739875e-05
8.432129044124575534e-05
8.431969781930711628e-05
8.432073373397194239e-05
8.432408379891320348e-05
8.432926646848734283e-05
8.433631489153132089e-05
8.434610175401154313e-05
8.435945210614831868e-05
8.437602962318963657e-05
8.439483897604008113e-05
8.441516375573519262e-05
8.443713884286063471e-05
8.446106281178100759e-05
8.448696052797379972e-05
8.451455137742804708e-05
8.454361271271707706e-05
8.457440788742826736e-05
8.460737408631089002e-05
8.464270836087635136e-05
8.468016393793859151e-05
8.471945560243581005e-05
8.476040154825362715e-05
8.480289615977142353e-05
8.484686848493973343e-05
8.489233375708475399e-05
8.493932520005729331e-05
8.498781533044496845e-05
8.503769784051218859e-05
8.508888903837177940e-05
8.514154302041059604e-05
8.519591124174663739e-05
8.525204105225311197e-05
8.530956076197187036e-05
8.536807235640988536e-05
8.542745336772548947e-05
8.548777866789278182e-05
8.554910369206592370e-05
8.561139678060971519e-05
8.567460705710429867e-05
8.573869937651007207e-05
8.580365751273844738e-05
8.586946596640196590e-05
8.593610383251986469e-05
8.600354825002817685e-05
8.607177760198689352e-05
8.614077228780091483e-05
8.621051333801825500e-05
8.628098187895710824e-05
8.635215922814008869e-05
8.642402716805504855e-05
8.649656802246030545e-05
8.656976455475231679e-05
8.664359991176051720e-05
8.671805761046090879e-05
8.679312155169212665e-05
8.686877601837489425e-05
8.694500566125494111e-05
8.702179548570263803e-05
8.709913084199953496e-05
8.717699741858783366e-05
8.725538123444461110e-05
8.733426863084241146e-05
8.741364626317245086e-05
8.749350109325082058e-05
8.757382038207608434e-05
8.765459168272908216e-05
8.773580283343067549e-05
8.781744195075527853e-05
8.789949742306226008e-05
8.798195790413431945e-05
8.806481230698064773e-05
8.814804979782395601e-05
8.823165979023841110e-05
8.831563193945715401e-05
8.839995613684038876e-05
8.848462250448532545e-05
8.856962138999285839e-05
8.865494336136928155e-05
8.874057920206481680e-05
8.882651990614918525e-05
8.891275667361484350e-05
8.899928090580094570e-05
8.908608420094539060e-05
8.917315834983820081e-05
8.926049533161450672e-05
8.934808730962591808e-05
8.943592662744957592e-05
8.952400580497076737e-05
8.961231753458985799e-05
8.970085467750795057e-05
8.978961026012421693e-05
8.987857747050787688e-05
8.996774965496874478e-05
9.005712031470821039e-05
9.014668310256247167e-05
9.023643181981601041e-05
9.032636041310104509e-05
9.041646297127172176e-05
9.050673354606611075e-05
9.059716578098725892e-05
9.068775334239343887e-05
9.077849002012490412e-05
9.086936972506295701e-05
9.096038648674469040e-05
9.105153445104516665e-05
9.114280787789515853e-05
9.123420113906901088e-05
9.132570871600788787e-05
9.141732519770246173e-05
9.150904527861243717e-05
9.160086375665023350e-05
9.169277553118316594e-05
9.178477560110867507e-05
9.187685906294464023e-05
9.196902110898534134e-05
9.206125702548162556e-05
9.215356219086453691e-05
9.224593207400919688e-05
9.233836223253844813e-05
9.243084831114807391e-05
9.252338603999224476e-05
9.261597123308086446e-05
9.270859978671533734e-05
9.280126767797140352e-05
9.289397096319174552e-05
9.298670577653024355e-05
9.307946832850499930e-05
9.317225490460722325e-05
9.326506186391154496e-05
9.335788563773000318e-05
9.345072272829475378e-05
9.354356970746324773e-05
9.363642321543681258e-05
9.372927995953347110e-05
9.382213671295993327e-05
9.391499031361559926e-05
9.400783766292480600e-05
9.410067572468837241e-05
9.419350152395604273e-05
9.428631214592373094e-05
9.437910473484864093e-05
9.447187649299276574e-05
9.456462467957541267e-05
9.465734660976221192e-05
9.475003965364751154e-05
9.484270123528995241e-05
9.493532883173548022e-05
9.502791997207959182e-05
9.512047223653095050e-05
9.521298325551594342e-05
9.530545070876713862e-05
9.539787232446303835e-05
9.549024587835773579e-05
9.558256919293991300e-05
9.567484013660403606e-05
9.576705662283751521e-05
9.585921660942365360e-05
9.595131809765274110e-05
9.604335913155998222e-05
9.613533779716388467e-05
9.622725222172645403e-05
9.631910057302744239e-05
9.641088105864672846e-05
9.650259192526096852e-05
9.659423145795840776e-05
9.668579797955774381e-05
9.677728984994431042e-05
9.686870546541856680e-05
9.696004325805297600e-05
9.705130169505750274e-05
9.714247927817349010e-05
9.723357454304738378e-05
9.732458605865152411e-05
9.741551242668357942e-05
9.750635228099884422e-05
9.759710428703837674e-05
9.768776714127789900e-05
9.777833957067208893e-05
9.786882033213076173e-05
9.795920821197731079e-05
9.804950202543777750e-05
9.813970061613351233e-05
9.822980285556947211e-05
9.831980764265608682e-05
9.840971390321273573e-05
9.849952058950021223e-05
9.858922667975523525e-05
9.867883117771897035e-05
9.876833311220256282e-05
9.885773153662727334e-05
9.894702552860800879e-05
9.903621418950161656e-05
9.912529664400216540e-05
9.921427203972207746e-05
9.930313954678814104e-05
9.939189835743494829e-05
9.948054768561535497e-05
9.956908676661289166e-05
9.965751485666818842e-05
9.974583123259484190e-05
9.983403519141727830e-05
9.992212605001334611e-05
1.000101031447520300e-04
1.000979658311504226e-04
1.001857134835284742e-04
1.002733454946678755e-04
1.003608612754911065e-04
1.004482602547232604e-04
1.005355418785762835e-04
