3.729946370080721579e-02
3.411959589808794685e-02
3.370739776394035547e-02
3.355340653477074941e-02
3.346944017584900510e-02
3.341969162096840307e-02
3.338820516580257719e-02
3.336674323227571681e-02
3.335161374009457114e-02
3.334085061132412153e-02
3.333357207761399738e-02
3.332894279008515037e-02
3.332633833478267776e-02
3.332551995490667246e-02
3.332588740107463032e-02
3.332716747393681123e-02
3.332927333754096000e-02
3.333184958396673281e-02
3.333470027065774804e-02
3.333766287312479176e-02
3.334080639577775840e-02
3.334412360423606031e-02
3.334746453259800764e-02
3.335072145672196564e-02
3.335391368481407243e-02
3.335708501759677286e-02
3.336026963835421466e-02
3.336347367577670309e-02
3.336668946890163773e-02
3.336991237799448451e-02
3.337314039461918708e-02
3.337637323525978472e-02
3.337961141157676226e-02
3.338285548225670279e-02
3.338610530021642736e-02
3.338936042150694727e-02
3.339262085075589415e-02
3.339588482719597906e-02
3.339914869147184162e-02
3.340240701380318977e-02
3.340565274211826363e-02
3.340887736717269157e-02
3.341207110371798017e-02
3.341522316530588094e-02
3.341832248267814082e-02
3.342135803657374227e-02
3.342432051338883187e-02
3.342720648953387969e-02
3.343001496316118371e-02
3.343274638414426431e-02
3.343540270714432522e-02
3.343798734632503350e-02
3.344050336899297843e-02
3.344294588441679844e-02
3.344530797362907371e-02
3.344758467799027746e-02
3.344977426585963448e-02
3.345187942777409773e-02
3.345391333183326404e-02
3.345591306971712475e-02
3.345791911910540872e-02
3.345996768670601862e-02
3.346208839513761107e-02
3.346429786504658693e-02
3.346659804768415541e-02
3.346900132046357057e-02
3.347153664832389769e-02
3.347425032473997503e-02
3.347718981375549102e-02
3.348038087487608533e-02
3.348382664632930383e-02
3.348750966775266430e-02
3.349143728960272959e-02
3.349566340180314822e-02
3.350026160764503491e-02
3.350531624662191760e-02
3.351084285504440929e-02
3.351679285789551516e-02
3.352310027535598813e-02
3.352970188899326992e-02
3.353661778604582339e-02
3.354390033756470685e-02
3.355160399108039759e-02
3.355973639840657136e-02
3.356822973510694558e-02
3.357700952692726365e-02
3.358601089580098148e-02
3.359522752669753115e-02
3.360467459701291237e-02
3.361436403790851735e-02
3.362428487883331596e-02
3.363440171450468585e-02
3.364468039762713580e-02
3.365509317025771469e-02
3.366562558892256807e-02
3.367626557033994578e-02
3.368700155971722510e-02
3.369782358600312971e-02
3.370872322731541249e-02
3.371969314671648121e-02
3.373072358702605689e-02
3.374180280722960390e-02
3.375292024030719651e-02
3.376407497855430512e-02
3.377528087229722531e-02
3.378655726863388775e-02
3.379791197453538287e-02
3.380931770104624728e-02
3.382073636839384029e-02
3.383216330614808448e-02
3.384372436934343642e-02
3.385559801664239643e-02
3.386791680921549114e-02
3.388055154770274607e-02
3.389328738569755833e-02
3.390597013876087140e-02
3.391889270717787785e-02
3.393252793234510095e-02
3.394729230644962653e-02
3.396300540777114074e-02
3.397920114892348520e-02
3.399545103980188693e-02
3.401198649537719165e-02
3.402944395589525828e-02
3.404844448663221085e-02
3.406897704174228353e-02
3.409054778699784072e-02
3.411265540915685984e-02
3.413531431329135807e-02
3.415908131477064097e-02
3.418454110454579448e-02
3.421191641100353870e-02
3.424089532357002530e-02
3.427111910784401416e-02
3.430241096022340619e-02
3.433503476990642372e-02
3.436931600540007320e-02
3.440551901548716263e-02
3.444367030167096860e-02
3.448374338947300666e-02
3.452572247773899594e-02
3.456961627836813850e-02
3.461545717176293946e-02
3.466329980296012359e-02
3.471337665135542511e-02
3.476615250564275145e-02
3.482212392539939250e-02
3.488166660977227301e-02
3.494460071660387968e-02
3.501062488285314189e-02
3.507949221916261545e-02
3.515168711698473530e-02
3.522843558058007946e-02
3.531102066095143793e-02
3.540049476098144215e-02
3.549655748552480589e-02
3.559848828680173966e-02
3.570560301627733607e-02
3.581787205821682779e-02
3.593708504334178905e-02
3.606534938213054597e-02
3.620463893596888999e-02
3.635592281913019308e-02
3.651823655323898493e-02
3.669037661980940196e-02
3.687121275759047689e-02
3.705982380514669799e-02
3.725679809678632270e-02
3.746342377043596072e-02
3.768062032882137785e-02
3.790901790171556651e-02
3.814878627110181858e-02
3.839878179118977330e-02
3.865753497342089978e-02
3.892362163838646721e-02
3.919564392848447903e-02
3.947228366940380706e-02
3.975287712518857375e-02
4.003717130967072990e-02
4.032480270445535503e-02
4.061528291514427541e-02
4.090799878770794151e-02
4.120209864495563007e-02
4.149622739542992156e-02
4.178891105142878287e-02
4.207864809010070789e-02
4.236389564250919032e-02
4.264306789913493989e-02
4.291481073411964470e-02
4.317823446767489470e-02
4.343282279315834743e-02
4.367812947128887208e-02
4.391375172619427225e-02
4.413918531329842632e-02
4.435373316813013417e-02
4.455672748399296806e-02
4.474745944788070806e-02
4.492522039265028910e-02
4.508945490183152716e-02
4.523976955977487141e-02
4.537587426423705939e-02
4.549759308847549366e-02
4.560498016897682194e-02
4.569846279715800152e-02
4.577865475266267026e-02
4.584633634526451285e-02
4.590227327764646870e-02
4.594674694800790493e-02
4.598004744262212951e-02
4.600268991124004114e-02
4.601571369583609683e-02
4.602157920811453945e-02
4.602311062251918800e-02
4.602321117953266094e-02
4.602365477693201590e-02
4.602409411775588294e-02
4.602387618634911498e-02
4.602229071483050077e-02
4.602053724333240309e-02
4.602250493969788775e-02
4.603225079251260787e-02
4.605361783090505812e-02
4.608790322285040431e-02
4.613345166521365392e-02
4.618854213922669177e-02
4.625154945493675090e-02
4.632198240456614213e-02
4.640199216857600339e-02
4.649395265275004657e-02
4.659996395871501135e-02
4.672165393662083832e-02
4.685812650446061212e-02
4.700678879948697736e-02
4.716520936317619705e-02
4.733110634210361406e-02
4.750239100557403921e-02
4.767871109421089465e-02
4.786106693198459439e-02
4.805034112102746918e-02
4.824724146689013393e-02
4.845234210971441358e-02
4.866536653418052083e-02
4.888460689196614389e-02
4.910833812439830554e-02
4.933555729090037534e-02
4.956563354885691608e-02
4.979807273057375305e-02
5.003335858334852226e-02
5.027269385858915141e-02
5.051738489977437851e-02
5.076891516296205831e-02
5.102882810049533258e-02
5.129861209269866162e-02
5.157915887656695092e-02
5.187112334659819968e-02
5.217467583336247994e-02
5.248936448530948373e-02
5.281474998404853127e-02
5.315044840428823775e-02
5.349631073495247913e-02
5.385247960837840492e-02
5.421955174766075053e-02
5.459833552747941909e-02
5.498961799614911217e-02
5.539416119679083095e-02
5.581270131554109254e-02
5.624601748646048532e-02
5.669506711914362729e-02
5.716076559805412238e-02
5.764393125347307134e-02
5.814528612811434294e-02
5.866546104983984267e-02
5.920531230655345228e-02
5.976627147304166415e-02
6.034985477913921981e-02
6.095763457883268677e-02
6.159136462927430195e-02
6.225297815987852063e-02
6.294462581440113391e-02
6.366860546512068120e-02
6.442726180422447824e-02
6.522297553788765356e-02
6.605815653318350411e-02
6.693526418062309413e-02
6.785721539082070763e-02
6.882727378611472324e-02
6.984860984152228836e-02
7.092426303534479781e-02
7.205718087099831359e-02
7.325019514844259561e-02
7.450426804868477693e-02
7.581836713290845964e-02
7.719148318852352142e-02
7.862272520362793837e-02
8.011130348778693067e-02
8.165651307201393649e-02
8.325753189450446623e-02
8.491305447504571280e-02
8.662169536461539199e-02
8.838205595633068234e-02
9.019269979485280975e-02
9.205212852603175677e-02
9.395897864983109027e-02
9.591486997396039826e-02
9.792376337962174770e-02
9.998987425980204735e-02
1.021176327584117777e-01
1.043116944298991683e-01
1.065769520624485767e-01
1.089174969366529661e-01
1.113340264543854347e-01
1.138264886298860495e-01
1.163947936401736882e-01
1.190387928375041399e-01
1.217582578770193547e-01
1.245528118597734740e-01
1.274199480769093451e-01
1.303541044165831830e-01
1.333488790300753901e-01
1.363971062651973265e-01
1.394907328102141519e-01
1.426206872603568709e-01
1.457775816385421253e-01
1.489595185620643802e-01
1.521696310261536622e-01
1.554116138724545015e-01
1.586896758846589872e-01
1.620085476165687433e-01
1.653734878383565643e-01
1.687901410889136589e-01
1.722642877023218833e-01
1.758021404944876409e-01
1.794104102902058795e-01
1.830963148247148620e-01
1.868675881550586337e-01
1.907325633621646532e-01
1.947009787458352237e-01
1.987837427081378117e-01
2.029924066211269973e-01
2.073391494283852721e-01
2.118367687862805770e-01
2.164986635683487093e-01
2.213344194725753722e-01
2.263418040109311524e-01
2.315162388644166902e-01
2.368526993867584862e-01
2.423456183534626607e-01
2.479887852894658296e-01
2.537751755450909918e-01
2.596950995879830359e-01
2.657356940600978379e-01
2.718824541119804206e-01
2.781191063566531563e-01
2.844273640299604389e-01
2.907866541595986454e-01
2.971773301305487558e-01
3.036035309058162657e-01
3.100821718846676900e-01
3.166326452706944017e-01
3.232767505328916768e-01
3.300386552437941656e-01
3.369447206312378706e-01
3.440129790632766027e-01
3.512440310243025721e-01
3.586363545193367863e-01
3.661880275200055102e-01
3.738966824618408236e-01
3.817594583698750710e-01
3.897708241881968627e-01
3.979080718409986894e-01
4.061381202973335935e-01
4.144237931170675071e-01
4.227232519647575737e-01
4.309893416871762861e-01
4.391690566090606929e-01
4.472120623182209154e-01
4.550760984973814538e-01
4.627157025926098011e-01
4.700808637726526795e-01
4.771165908920995125e-01
4.837624403785478200e-01
4.899573193532945625e-01
4.956468898573775927e-01
5.007748530333576698e-01
5.052813035460417268e-01
5.091024247738441533e-01
5.121717154560680996e-01
5.144606652677390368e-01
5.159930876908828123e-01
5.168131090656790105e-01
5.169853404376058004e-01
5.165958443431666325e-01
5.157058841661891213e-01
5.142977908674021270e-01
5.123403283429583954e-01
5.097956596439386923e-01
5.066423455942292708e-01
5.028978285361412892e-01
4.985947472803489156e-01
4.937681822262521281e-01
4.883634828998281718e-01
4.822841924351702336e-01
4.755962251522148354e-01
4.686291673414154091e-01
4.617831025509574472e-01
4.553543689645790371e-01
4.494029261793203167e-01
4.439287693420663206e-01
4.389992177389208661e-01
4.347747631052574779e-01
4.313868825063893464e-01
4.289205916210548364e-01
4.273874447506268992e-01
4.267895429177968603e-01
4.271325413002704519e-01
4.283509480975092876e-01
4.302551270791002969e-01
4.326718467827680992e-01
4.354466107882888348e-01
4.384354933877026572e-01
4.415092045115137642e-01
4.445812894111145774e-01
4.475736911354863401e-01
4.504022270596809152e-01
4.529752395164948209e-01
4.552053062265191685e-01
4.571429065679863402e-01
4.589384406932253690e-01
4.607534573385171917e-01
4.627533667631450465e-01
4.650981539155698008e-01
4.678511604817940928e-01
4.709882591566207366e-01
4.744848597794082967e-01
4.783190122474988981e-01
4.824709145564004542e-01
4.869145540458102994e-01
4.916062961623741678e-01
4.965010360528091526e-01
5.015543296416868913e-01
5.067216447737962204e-01
5.119612931459237570e-01
5.172756269667899698e-01
5.226981535565212722e-01
5.282641262531422299e-01
5.340097277801348907e-01
5.399718252685401509e-01
5.461829090508051321e-01
5.526602410228691475e-01
5.594181032233503936e-01
5.664709135819473440e-01
5.738332429116252964e-01
5.815197480627745108e-01
5.895410796543505416e-01
5.979020739583199573e-01
6.066072071033051794e-01
6.156610722898628874e-01
6.250684076740937734e-01
6.348338382937552815e-01
6.449553120978062104e-01
6.554238991192694597e-01
6.662304389413030714e-01
6.773657326109872034e-01
6.888204184881874248e-01
7.005848983537246166e-01
7.126500181942357903e-01
7.250070778880166600e-01
7.376468690575782583e-01
7.505595363631537564e-01
7.637344872667620743e-01
7.771603678128236048e-01
7.908290951205314556e-01
8.047384411204793198e-01
8.188863243727868557e-01
8.332702310545130331e-01
8.478871822108103862e-01
8.627336885388133814e-01
8.778036276400372762e-01
8.930853412684593984e-01
9.085652808244653045e-01
9.242284929985931097e-01
9.400584793753830049e-01
9.560370379987540579e-01
9.721433198105150497e-01
9.883519670837267457e-01
1.004634575225864301e+00
1.020959801634793163e+00
1.037293007277447776e+00
1.053595823480429461e+00
1.069787598083319358e+00
1.085652121780187773e+00
1.100916443611052786e+00
1.115262764198431622e+00
1.128313580048542875e+00
1.139613058871234319e+00
1.148731712757785184e+00
1.155387664674498716e+00
1.159293093924559148e+00
1.160134809259314226e+00
1.157572295307776056e+00
1.151415993948145200e+00
1.141943035441629117e+00
1.129742940316798006e+00
1.115703664305327969e+00
1.100804418823284392e+00
1.085837973000662426e+00
1.071528899515798772e+00
1.058716125358427629e+00
1.048179135247693461e+00
1.039813403179245199e+00
1.033020151227361572e+00
1.027127272471268782e+00
1.021490712859570715e+00
1.015725838502863354e+00
1.009944445827730908e+00
1.004408785941517834e+00
9.994171639948737917e-01
9.952540694355581641e-01
9.920033646164736485e-01
9.896081972326797871e-01
9.880033395490501746e-01
9.871279789893947498e-01
9.869329343724260184e-01
9.874041099480078687e-01
9.885493537233633887e-01
9.903764684239112492e-01
9.928918597460806295e-01
9.960799075540808234e-01
9.998883531930630175e-01
1.004258837018471739e+00
1.009133890099918052e+00
1.014460393552328421e+00
1.020196528198721087e+00
1.026318836512648325e+00
1.032807533915476972e+00
1.039644396721610242e+00
1.046814179299209391e+00
1.054311060066668970e+00
1.062154783809507119e+00
1.070370792473801513e+00
1.078984866733717407e+00
1.088023132192760034e+00
1.097510880867542671e+00
1.107463946800969490e+00
1.117893790508608154e+00
1.128812231068761829e+00
1.140231933398463404e+00
1.152166331592443527e+00
1.164621672440162570e+00
1.177592814232715446e+00
1.191074394658937941e+00
1.205061752144853227e+00
1.219550832028891696e+00
1.234540123579738857e+00
1.250044554426007259e+00
1.266086963490819395e+00
1.282690480043399361e+00
1.299878542262319803e+00
1.317674971546069607e+00
1.336103630293236089e+00
1.355187550550533970e+00
1.374949834670161408e+00
1.395413957992559073e+00
1.416603856974040232e+00
1.438543912781911294e+00
1.461246394999709208e+00
1.484699270950861738e+00
1.508887654719506033e+00
1.533796402112769242e+00
1.559409894362145055e+00
1.585711731482684961e+00
1.612675456147171671e+00
1.640255886995808821e+00
1.668402912936261862e+00
1.697062617623212422e+00
1.726176597684619507e+00
1.755681132609245187e+00
1.785489119631597399e+00
1.815466523012066347e+00
1.845459620053019556e+00
1.875296586903400176e+00
1.904783953767100302e+00
1.933702379327727261e+00
1.961810876049384644e+00
1.988853290600714585e+00
2.014537837453923341e+00
2.038527102356843201e+00
2.060427823830929928e+00
2.079774664722449984e+00
2.095966605098399160e+00
2.108231667667162856e+00
2.115607898779058083e+00
2.116877451512729991e+00
2.110459299098026431e+00
2.094149184601648894e+00
2.064705298125506960e+00
2.016839407894165603e+00
1.939756117624860776e+00
1.806736597130600197e+00
1.023078941796037823e-03
1.058112122679681676e-03
1.093191841733306621e-03
1.128041240403009765e-03
1.162300676453266891e-03
1.195487616200824159e-03
1.226945038446526247e-03
1.255758605839819766e-03
1.280613081554717947e-03
1.299631069642717685e-03
1.310632587860533415e-03
1.310773658847568185e-03
1.295977135767616790e-03
1.260278558386061657e-03
1.187572777229826092e-03
7.306600339638680145e-04
7.044113112175152481e-04
7.105320159820677130e-04
7.278895400483116358e-04
7.521094357411649842e-04
7.815433574922487974e-04
8.154477684600364498e-04
8.534771585305055098e-04
8.954297217054977675e-04
9.411391913014829176e-04
9.905569460133827227e-04
1.043715379149144553e-03
1.100699317990442259e-03
1.161629196385899473e-03
1.226649431288484539e-03
1.295924039027545032e-03
1.369634352427622024e-03
1.447981698562814026e-03
1.531182546546870334e-03
1.619463483145013386e-03
1.713049809604221246e-03
1.812166825133159319e-03
1.917042980025928560e-03
2.027965734926549801e-03
2.145305253728527466e-03
2.269459380027136642e-03
2.400833848364856016e-03
2.539851180246772023e-03
2.686961053842747398e-03
2.842659350179805710e-03
3.007481926380192391e-03
3.181999656235065012e-03
3.366818432848984240e-03
3.562586249723475370e-03
3.769985312397609954e-03
3.989654855202656551e-03
4.222215601622403454e-03
4.468338924229940494e-03
4.728985748068272911e-03
5.005316678605520840e-03
5.298470832443165184e-03
5.608929536710172310e-03
5.936843337802884431e-03
6.282492180898017683e-03
6.647249972489997424e-03
7.032981837755423841e-03
7.441400274664636445e-03
7.872556200331514570e-03
8.325805732807885912e-03
8.800422975750470458e-03
9.296061118944522195e-03
9.812482734479108584e-03
1.034982321005075215e-02
1.091086425541065372e-02
1.149971310678580758e-02
1.212088821134346510e-02
1.277743325126957583e-02
1.347033042512752257e-02
1.420030082988580841e-02
1.496864180379581764e-02
1.577847848500842434e-02
1.663352583432041454e-02
1.753766611056844366e-02
1.849359812346268450e-02
1.950344073678226403e-02
2.056934722597251672e-02
2.169504700754056395e-02
2.288602871924690779e-02
2.414843569898942471e-02
2.548639453487154538e-02
2.689897344020420258e-02
2.838314252294856302e-02
2.993774214996431510e-02
3.157078794439713287e-02
3.329335125114515903e-02
3.511676353834466274e-02
3.703982933945589723e-02
3.905342049270698473e-02
4.114762683975591029e-02
4.332510992558616381e-02
4.560163257603038617e-02
4.799554413570703004e-02
5.052245793341985508e-02
5.317882456368587529e-02
5.595589948262825325e-02
5.884547295769421843e-02
6.184984269653389516e-02
6.498084964551024967e-02
6.825142500987610439e-02
7.167809578719219754e-02
7.529543614106742888e-02
7.914737029521340395e-02
8.328419937800733697e-02
8.775581382150743348e-02
9.259488710643851150e-02
9.783222323007007004e-02
1.034897455061918048e-01
1.095385317176563178e-01
1.159211393287531006e-01
1.225903533300102127e-01
1.295618737271877763e-01
1.368626611135111137e-01
1.445071129966181422e-01
1.524741454205468527e-01
1.607271486754036360e-01
1.692236495336692514e-01
1.779204462749667537e-01
1.867601634384681020e-01
1.956532069620427750e-01
2.044593342397273139e-01
2.129533236898225323e-01
2.207585893569731783e-01
2.273148527879285674e-01
2.319183374826770672e-01
2.337187235711939426e-01
2.323162969009883450e-01
2.293537019485895612e-01
2.276095540911729775e-01
2.270793285251379023e-01
2.272728589417986333e-01
2.278478051680795646e-01
2.285227060948391564e-01
2.291386172525894105e-01
2.297140501507302923e-01
2.302851769041502350e-01
2.308895500892334529e-01
2.315646557111771253e-01
2.323278351466131209e-01
2.331722772223575879e-01
2.340898072752541359e-01
2.350725300781871252e-01
2.361130164560461542e-01
2.372062739492460937e-01
2.383497488057279567e-01
2.395409912882589254e-01
2.407775220541355232e-01
2.420571217141209708e-01
2.433869032267082233e-01
2.447856392022453587e-01
2.462726636532882318e-01
2.478670016855997194e-01
2.495875174632581073e-01
2.514720831019593428e-01
2.535899560118660689e-01
2.560082334986294450e-01
2.587871749004276301e-01
2.619798165680924940e-01
2.656221457124250396e-01
2.696930960380578557e-01
2.741592800984338774e-01
2.789933263138437702e-01
2.841723181740236637e-01
2.896766151561159797e-01
2.954874223260138266e-01
3.015786040234177956e-01
3.079216791745854609e-01
3.144881617828867437e-01
3.212486422839724853e-01
3.281719150436157029e-01
3.352246956496651720e-01
3.423906538753950235e-01
3.496771545692272110e-01
3.570937963603196819e-01
3.646509850310621359e-01
3.723599400868803366e-01
3.802326996049304464e-01
3.882805730190110882e-01
3.965084632308050749e-01
4.049193982602068975e-01
4.135164123561650418e-01
4.223025429260728880e-01
4.312808271643085445e-01
4.404539535366249758e-01
4.498164491938129173e-01
4.593537502382759596e-01
4.690492659692475086e-01
4.788844891532502146e-01
4.888387476612778837e-01
4.988889298744086931e-01
5.089883506838808191e-01
5.190118534769613268e-01
5.287973862067794073e-01
5.381504586264230783e-01
5.468317260270442182e-01
5.545388682328860064e-01
5.609301119351346454e-01
5.658179536026932688e-01
5.690811849408597967e-01
5.706213047978293540e-01
5.703730509652777947e-01
5.683449931227911867e-01
5.647900049286644908e-01
5.601495433862733186e-01
5.549735662970363137e-01
5.498392370283273767e-01
5.449211088089703781e-01
5.400479401556991244e-01
5.355802344285391925e-01
5.355795270276438869e-01
5.355786921921589228e-01
5.355777239117813782e-01
5.355766158323572723e-01
5.355753612305310662e-01
5.355739530196470533e-01
5.355723837330332859e-01
5.355706455175989200e-01
5.355687300968915432e-01
5.355666287043326923e-01
5.355643321023099146e-01
5.355618306182595711e-01
5.355591140397714112e-01
5.355561715268357670e-01
5.355529916957211256e-01
5.355495626305656343e-01
5.355458717118577461e-01
5.355419055698803499e-01
5.355376501952126000e-01
5.355330908815988389e-01
5.355282120680457947e-01
5.355229973265879240e-01
5.355174293574012090e-01
5.355114899904471759e-01
5.355051602748662765e-01
5.354984199459653649e-01
5.354912468479796628e-01
5.354836193233798447e-01
5.354755174053184019e-01
5.354669180006820239e-01
5.354577941949373310e-01
5.354481172848761794e-01
5.354378572507459966e-01
5.354269858449711705e-01
5.354154738682525005e-01
5.354032836046578314e-01
5.353903743436126961e-01
5.353767086030081224e-01
5.353622479997602879e-01
5.353469516123117167e-01
5.353307748324955817e-01
5.353136683538612939e-01
5.352955836955218816e-01
5.352764737803793471e-01
5.352562841378231129e-01
5.352349538459522105e-01
5.352124245999932972e-01
5.351886375234254922e-01
5.351635252325787073e-01
5.351370157591424093e-01
5.351090376810417881e-01
5.350795160457600952e-01
5.350483694316157113e-01
5.350155123256701284e-01
5.349808558764387323e-01
5.349443067782168049e-01
5.349057668995262915e-01
5.348651324200581758e-01
5.348222936851374509e-01
5.347771365643282371e-01
5.347295416744581864e-01
5.346793820740751713e-01
5.346265239521821311e-01
5.345708281669815376e-01
5.345121487375388281e-01
5.344503313784689791e-01
5.343852138952437381e-01
5.343166261329597155e-01
5.342443894309429897e-01
5.341683161841993543e-01
5.340882093920944484e-01
5.340038622079594788e-01
5.339150575480063887e-01
5.338215676036751622e-01
5.337231532624260311e-01
5.336195635912205359e-01
5.335105353344965495e-01
5.333957923155129288e-01
5.332750447969257790e-01
5.331479888559356173e-01
5.330143057264262740e-01
5.328736610913450411e-01
5.327257043425752681e-01
5.325700677966563878e-01
5.324063658706542634e-01
5.322341942309278817e-01
5.320531288807590631e-01
5.318627251744568740e-01
5.316625167947561792e-01
5.314520146831041014e-01
5.312307095741267693e-01
5.309980791805232192e-01
5.307535813650868795e-01
5.304966521668972312e-01
5.302267054021869708e-01
5.299431323747670897e-01
5.296453016528859248e-01
5.293325588657981084e-01
5.290042266173070606e-01
5.286596045715797887e-01
5.282979696248017998e-01
5.279185761539501032e-01
5.275206564558422295e-01
5.271034213999348239e-01
5.266660612310215539e-01
5.262077465443377733e-01
5.257276295038409986e-01
5.252248453088022018e-01
5.246985139100197593e-01
5.241477420125365549e-01
5.235716253594878689e-01
5.229692512887427203e-01
5.223397016417432592e-01
5.216820560747458257e-01
5.209953956845932987e-01
5.202788069076862421e-01
5.195313858291531472e-01
5.187522429767174037e-01
5.179405084596059305e-01
5.170953373854240143e-01
5.162159156804330129e-01
5.153014662608947916e-01
5.143512554332763109e-01
5.133646000092522144e-01
5.123408751919503734e-01
5.112795213324272670e-01
5.101800498493118674e-01
5.090420521374887652e-01
5.078652108359822392e-01
5.066493053668355007e-01
5.053939812757991534e-01
5.040978588134622518e-01
5.027591340908085238e-01
5.013758428536987388e-01
4.999458489282828100e-01
4.984668322219306669e-01
4.969362742202690364e-01
4.953514494493105880e-01
4.937094184650241413e-01
4.920070200950707462e-01
4.902408650248708533e-01
4.884073311158493857e-01
4.865025578113547078e-01
4.845224407805857614e-01
4.824626363568768062e-01
4.803185703692421926e-01
4.780854426985811645e-01
4.757589161558203883e-01
4.733368322445678511e-01
4.708176127001417188e-01
4.681998287839861383e-01
4.654821875440494638e-01
4.626635342275999818e-01
4.597428814528035090e-01
4.567194555304487369e-01
4.535926888575011473e-01
4.503622019846593161e-01
4.470277974180943414e-01
4.435895016318393003e-01
4.400477532937753788e-01
4.364061483540963016e-01
4.326711596251017755e-01
4.288497854636130757e-01
4.249494667214430144e-01
4.209780467581939467e-01
4.169437090010877922e-01
4.128549072208382853e-01
4.087203377944716998e-01
4.045489104191461460e-01
4.003497109158010159e-01
3.961308576611816679e-01
3.918946290749071859e-01
3.876413071127187693e-01
3.833711857652833954e-01
3.790845954681921204e-01
3.747819298820238565e-01
3.704636586672874765e-01
3.661303230899118355e-01
3.617825235293635200e-01
3.574209259098781177e-01
3.530476441573058843e-01
3.486680305465092999e-01
3.442877970045402636e-01
3.399125174559133877e-01
3.355476100631673564e-01
3.311983189550436468e-01
3.268697012772270871e-01
3.225666220507356630e-01
