5.435354027730524701e-02
4.625525028722345805e-02
4.470256708489998843e-02
4.325924877667406548e-02
4.193630768713799833e-02
4.083460650059958508e-02
3.995286013551897775e-02
3.925141362347461110e-02
3.869345745229253036e-02
3.825047473223052580e-02
3.789036500699997922e-02
3.760476359385472866e-02
3.736505642162908647e-02
3.717619012364854758e-02
3.701701143754526635e-02
3.688411028371113565e-02
3.678226049445607049e-02
3.669455877070906119e-02
3.662044652145750312e-02
3.656379992871310741e-02
3.651957684548820526e-02
3.648304049018066819e-02
3.645406206045272157e-02
3.643322319339107468e-02
3.641989842565548224e-02
3.641258464622038060e-02
3.641011834903227357e-02
3.641176991477340641e-02
3.641722262531080917e-02
3.642619377187650276e-02
3.643839183246377900e-02
3.645352356593328791e-02
3.647128380701319950e-02
3.649138056773727073e-02
3.651355483250848938e-02
3.653757051878283452e-02
3.656320948610588401e-02
3.659026814656388127e-02
3.661855459293818921e-02
3.664788615714953401e-02
3.667808731977345582e-02
3.670898793588005943e-02
3.674042168528700303e-02
3.677222476680738761e-02
3.680423478580747282e-02
3.683629073504116752e-02
3.686826896324018471e-02
3.690009396809292019e-02
3.693169427374587421e-02
3.696299944610560717e-02
3.699394022308778035e-02
3.702444867460943922e-02
3.705445839052347312e-02
3.708390469072506135e-02
3.711272485281773281e-02
3.714085835368632210e-02
3.716824712211820592e-02
3.719483578681734987e-02
3.722056891183406213e-02
3.724538718325701853e-02
3.726923271187155412e-02
3.729204466445990018e-02
3.731376075291457928e-02
3.733432046343120730e-02
3.735366544089567531e-02
3.737173985243821134e-02
3.738849076232472063e-02
3.740386982061053023e-02
3.741786024806274119e-02
3.743047928713989780e-02
3.744175648334892997e-02
3.745173412230965587e-02
3.746046568626335699e-02
3.746800881365351665e-02
3.747435204703027101e-02
3.747943738095547289e-02
3.748320704050047553e-02
3.748560431505683355e-02
3.748657893033442712e-02
3.748620866238501492e-02
3.748471307639503897e-02
3.748234103670823603e-02
3.747935638643828948e-02
3.747600193612434655e-02
3.747226513475319237e-02
3.746798501938307380e-02
3.746298100661447222e-02
3.745705349698294495e-02
3.745019261543976880e-02
3.744280276113731015e-02
3.743536851703162249e-02
3.742840649809927450e-02
3.742233468374321637e-02
3.741699782225412635e-02
3.741204763580780607e-02
3.740710419812379867e-02
3.740182501359727574e-02
3.739646396324292771e-02
3.739161260707464518e-02
3.738789657502007008e-02
3.738591815117524308e-02
3.738571849284139104e-02
3.738694236011949612e-02
3.738920775852070527e-02
3.739214274539334748e-02
3.739585555194951949e-02
3.740087066774674257e-02
3.740773816302925964e-02
3.741699649222796770e-02
3.742881158392640656e-02
3.744298263704096130e-02
3.745928979645436058e-02
3.747751656301278461e-02
3.749767263686831775e-02
3.752004184018392641e-02
3.754483621792942954e-02
3.757219726451432179e-02
3.760215769665520985e-02
3.763457821381663293e-02
3.766929784077113069e-02
3.770615167338184359e-02
3.774497219578053231e-02
3.778559089674761451e-02
3.782783819896803207e-02
3.787154291201538098e-02
3.791655725814933181e-02
3.796291307840492929e-02
3.801071027196143565e-02
3.806004785008836738e-02
3.811100974637911948e-02
3.816338160606127378e-02
3.821670121489599559e-02
3.827050367957324922e-02
3.832432960531977767e-02
3.837820515361948376e-02
3.843298337172181695e-02
3.848961124761319380e-02
3.854903666736193141e-02
3.861204150911035776e-02
3.867849102131342559e-02
3.874791225829698343e-02
3.881981410073323535e-02
3.889369386954691366e-02
3.896955867208004576e-02
3.904816645140783693e-02
3.913031880300730375e-02
3.921678352185026944e-02
3.930812793590549026e-02
3.940375511229558814e-02
3.950258631856591596e-02
3.960358068805954618e-02
3.970568937461441128e-02
3.980802588539276987e-02
3.991089561404156938e-02
4.001495264483224956e-02
4.012089592707886176e-02
4.022946248987644552e-02
4.034101027640333431e-02
4.045483846872958977e-02
4.057014026881192864e-02
4.068633885858678745e-02
4.080296270275347859e-02
4.091987450475322724e-02
4.103791852915632254e-02
4.115809236363912604e-02
4.128137466706585657e-02
4.140871281124476611e-02
4.154075932815375766e-02
4.167739425212620141e-02
4.181840394991016147e-02
4.196358191635097407e-02
4.211272218785281490e-02
4.226568054728407908e-02
4.242286448383414399e-02
4.258496222194826930e-02
4.275272953376948321e-02
4.292741339378406545e-02
4.311054510021746639e-02
4.330360389614438393e-02
4.350782055291000511e-02
4.372446140994595137e-02
4.395487788208422841e-02
4.420050271212585397e-02
4.446249119091479074e-02
4.474115209907911922e-02
4.503672579747781263e-02
4.534946454336218069e-02
4.567959751078438935e-02
4.602733192108601074e-02
4.639285440838564895e-02
4.677632411088727266e-02
4.717776458977997883e-02
4.759709020460724943e-02
4.803421582499572268e-02
4.848904801346928806e-02
4.896146392000109288e-02
4.945131381119178410e-02
4.995842480517918849e-02
5.048330306793965411e-02
5.102836855172238756e-02
5.159636601849493937e-02
5.219004061602592476e-02
5.281214460602538102e-02
5.346544788986982294e-02
5.415275233002968952e-02
5.487676893627820712e-02
5.563843114894363728e-02
5.643744054987764880e-02
5.727353525614117119e-02
5.814651265943394237e-02
5.905622455918858871e-02
6.000257282024784589e-02
6.098550518183990660e-02
6.200440477728696304e-02
6.305677867158825112e-02
6.413968711125873912e-02
6.525006584558401546e-02
6.638469696208913751e-02
6.754018080525807377e-02
6.871290874839883212e-02
6.989915881674879650e-02
7.109773006710426446e-02
7.231009918845503204e-02
7.353793898842569954e-02
7.478301187078631451e-02
7.604717526863198629e-02
7.733238718081691943e-02
7.864071181787699039e-02
7.997424380578518899e-02
8.133481127142176692e-02
8.272422675107346524e-02
8.414439501590087467e-02
8.559731736415988890e-02
8.708509586626336785e-02
8.860993754701330938e-02
9.017414744791568681e-02
9.177975461884692321e-02
9.342839357611830431e-02
9.512173211143519491e-02
9.686150110346380959e-02
9.864949565447145297e-02
1.004875761930010825e-01
1.023776695546449178e-01
1.043214526615707932e-01
1.063187880073911823e-01
1.083687900917747471e-01
1.104704530055545669e-01
1.126226422850886977e-01
1.148240857429996264e-01
1.170733641230637667e-01
1.193688985148129988e-01
1.217087530208639246e-01
1.240905016360132201e-01
1.265114730787369468e-01
1.289687633320626692e-01
1.314592228768265147e-01
1.339794434762394126e-01
1.365257444223074712e-01
1.390951309229930544e-01
1.416915456355228031e-01
1.443224529320240312e-01
1.469958954132087325e-01
1.497204971448950761e-01
1.525054856845107221e-01
1.553607204159086208e-01
1.582966691354132649e-01
1.613204711790072465e-01
1.644330763882819457e-01
1.676348046708619755e-01
1.709259070775668021e-01
1.743065530239206185e-01
1.777768169402818288e-01
1.813366643226980990e-01
1.849849955689566450e-01
1.887139770333131350e-01
1.925121900466956470e-01
1.963670587417074842e-01
2.002647678536517428e-01
2.041901793267322796e-01
2.081267571502606328e-01
2.120565707627951602e-01
2.159638869867098188e-01
2.198373326195946220e-01
2.236652471952039201e-01
2.274352606344573202e-01
2.311342905698725025e-01
2.347485421218219459e-01
2.382635097194792384e-01
2.416645591573209628e-01
2.449392522258673488e-01
2.480756063865303118e-01
2.510612929587175968e-01
2.538836415390859358e-01
2.565296427940106927e-01
2.589859488424386957e-01
2.612394622888393747e-01
2.632850444591205985e-01
2.651241347133836967e-01
2.667593595488200187e-01
2.681944769750815305e-01
2.694344566897925453e-01
2.704855304558043683e-01
2.713536588741989330e-01
2.720358132840954846e-01
2.725198145080576229e-01
2.727919330773166395e-01
2.728375747876619073e-01
2.726469436441150140e-01
2.722149317406652447e-01
2.715388918968406617e-01
2.706165016391826050e-01
2.694309422117668329e-01
2.679544128751940035e-01
2.661524951711357057e-01
2.640080237162782950e-01
2.615371774068570576e-01
2.587846173608749911e-01
2.557923252077704546e-01
2.525591896737487407e-01
2.490901001374644097e-01
2.454948418680145128e-01
2.419326087168840733e-01
2.384830019215156971e-01
2.351203877811883225e-01
2.318308441397951558e-01
2.286947507951963554e-01
2.258120311836370742e-01
2.232325088527627177e-01
2.209409564789347746e-01
2.189206330813253665e-01
2.171766383398079370e-01
2.157359826627543997e-01
2.146195579485108695e-01
2.138336492510010678e-01
2.133398902127203178e-01
2.130896231043446776e-01
2.130391701676523086e-01
2.131483843702220993e-01
2.133801904150994522e-01
2.137019114675720033e-01
2.140907547218507401e-01
2.145273208057976444e-01
2.149919945864764426e-01
2.154647307525126843e-01
2.159249995214565232e-01
2.163550527625011377e-01
2.167690910058593101e-01
2.171996744686189862e-01
2.176805663217354636e-01
2.182458368494125944e-01
2.189282365517286888e-01
2.197580735020541742e-01
2.207409681320204042e-01
2.218656287495697210e-01
2.231215638683480551e-01
2.244992523797274542e-01
2.259900865691782113e-01
2.275868550443455596e-01
2.292800981936182481e-01
2.310558753813616306e-01
2.328998652500370581e-01
2.347976751125121497e-01
2.367347298529215716e-01
2.386961646808605786e-01
2.406693412432692192e-01
2.426577595218425976e-01
2.446709296172567549e-01
2.467179064932817356e-01
2.488078880263714932e-01
2.509502575575726646e-01
2.531545179047554606e-01
2.554276877779071975e-01
2.577732210634766652e-01
2.601944470739217530e-01
2.626948462257117090e-01
2.652780472443745374e-01
2.679478436934839003e-01
2.707082991771692648e-01
2.735621951127245044e-01
2.765116473104405337e-01
2.795588285248731819e-01
2.827059729907088759e-01
2.859553766762090166e-01
2.893093942683713227e-01
2.927692014823526923e-01
2.963326929750336736e-01
2.999971457015884191e-01
3.037597412085238924e-01
3.076175567654242937e-01
3.115675553453809976e-01
3.156065846243532036e-01
3.197319296154141344e-01
3.239416131503796148e-01
3.282335510108281285e-01
3.326053824564152439e-01
3.370545823614654601e-01
3.415784740752861870e-01
3.461743388361784857e-01
3.508425686405462485e-01
3.555870143657539617e-01
3.604117081098037745e-01
3.653206943741588719e-01
3.703180334699411880e-01
3.754078060480536272e-01
3.805938638419055220e-01
3.858759507803085076e-01
3.912504131975761967e-01
3.967133924389105726e-01
4.022608936025501292e-01
4.078887608249585628e-01
4.135926545980489477e-01
4.193678837821781524e-01
4.252077656483656543e-01
4.311041281965705130e-01
4.370483786816151128e-01
4.430314990633147931e-01
4.490440283923922138e-01
4.550761096416204299e-01
4.611156322124452811e-01
4.671331153994015550e-01
4.730878152853976171e-01
4.789343956874595465e-01
4.846220632708027054e-01
4.900933987583567242e-01
4.952828479005632056e-01
5.001222714444487627e-01
5.045606164724421028e-01
5.085471326761109578e-01
5.120256998018135608e-01
5.149342928510894923e-01
5.172040301410940621e-01
5.187591507361333232e-01
5.195548125907399895e-01
5.195686189221011553e-01
5.187867572125380855e-01
5.172063290788300183e-01
5.148440616759553112e-01
5.117501354153739523e-01
5.079889585616053083e-01
5.036655788007000645e-01
4.989227287933946653e-01
4.938979712169272451e-01
4.887523269357371691e-01
4.836896150889821167e-01
4.789038281871084712e-01
4.745599170800678390e-01
4.707651015256701932e-01
4.675371823925809633e-01
4.647432987961544471e-01
4.622508296186116916e-01
4.599568959030707616e-01
4.577817805137949225e-01
4.556818195315528452e-01
4.536978639644876909e-01
4.518924538889918519e-01
4.503185911908965666e-01
4.490193052717223465e-01
4.480263661838966849e-01
4.473474549395802247e-01
4.469733787088696064e-01
4.468954821800864563e-01
4.471060562748882528e-01
4.475969561426790255e-01
4.483580732971947369e-01
4.493712019629340082e-01
4.506173943207348320e-01
4.520791818900148917e-01
4.537403316307773715e-01
4.555862848359478745e-01
4.576062110102276370e-01
4.597923652929126748e-01
4.621376714237179772e-01
4.646353942929832281e-01
4.672791056809632582e-01
4.700626891473329572e-01
4.729839804732622333e-01
4.760474530665118054e-01
4.792569118948996620e-01
4.826160559748972068e-01
4.861289845502059226e-01
4.898001808593703821e-01
4.936331007403380045e-01
4.976282262106828669e-01
5.017859176644748898e-01
5.061068774212046373e-01
5.105921261843048287e-01
5.152430480228316068e-01
5.200610650031661786e-01
5.250435244354290099e-01
5.301864332476898811e-01
5.354858505927297951e-01
5.409378729345521997e-01
5.465386189393076632e-01
5.522845234873511311e-01
5.581775842707700219e-01
5.642246995771716955e-01
5.704330626009301852e-01
5.768100003017038180e-01
5.833629702087388402e-01
5.900995580235687266e-01
5.970281367337789691e-01
6.041591411924366328e-01
6.115033647558236751e-01
6.190717728755654736e-01
6.268755242215375834e-01
6.349259847822962266e-01
6.432345572449046367e-01
6.518070693469695254e-01
6.606427032042295755e-01
6.697403387729586877e-01
6.790989146226396045e-01
6.887174039991822427e-01
6.985947911883682027e-01
7.087297209645314622e-01
7.191167002721593482e-01
7.297472251522825193e-01
7.406123540793546622e-01
7.517026791208342162e-01
7.630082439705181407e-01
7.745184594234579833e-01
7.862213164452290792e-01
7.980975457081178615e-01
8.101230007137130151e-01
8.222716106580426620e-01
8.345151423779720856e-01
8.468229046299156071e-01
8.591614189523800738e-01
8.714940576287301122e-01
8.837807055382210786e-01
8.959773611224379763e-01
9.080355670706398152e-01
9.199017907776476655e-01
9.315167065886033049e-01
9.428143325762325944e-01
9.537151885597902057e-01
9.641119290324593472e-01
9.738786073979893709e-01
9.828700744684839563e-01
9.909173511358746467e-01
9.978214260716334882e-01
1.003342339816012840e+00
1.007169708798625996e+00
1.008910496026476311e+00
1.008073430758049893e+00
1.004025454064713108e+00
9.959201168384592684e-01
9.826181795213952963e-01
9.624475304378723450e-01
9.323151853649888077e-01
8.853653744617575594e-01
8.022495856968528960e-01
6.199305623154433226e-04
6.423800027346096434e-04
6.654691531542273860e-04
6.891809656339205467e-04
7.134899695317505498e-04
7.383579922133399510e-04
7.637272383221963565e-04
7.895213068791389135e-04
8.156421564236069179e-04
8.419646912325561700e-04
8.683292699475660776e-04
8.945309724746591112e-04
9.203152966400779530e-04
9.454260320815597099e-04
9.695684802247354905e-04
9.923681188745638211e-04
1.013342213551686292e-03
1.031857853181389426e-03
1.047066681973300023e-03
1.057797177529142072e-03
1.062248097081999786e-03
1.057005964071622848e-03
1.034469756343297554e-03
9.634531877660747895e-04
7.186307116519911843e-04
6.984050735505553274e-04
7.017851896910176851e-04
7.145094384745675261e-04
7.329561641978266616e-04
7.556044160009855017e-04
7.816668123272573062e-04
8.106830654692948925e-04
8.423581866342282282e-04
8.764280424837795746e-04
9.127030278035275527e-04
9.511225672959739688e-04
9.917085741061044523e-04
1.034552484695122577e-03
1.079769717705361459e-03
1.127387071393410158e-03
1.177405658207531089e-03
1.229817893151812294e-03
1.284618451136959561e-03
1.341878606557600495e-03
1.401715821148287596e-03
1.464266079365646959e-03
1.529681260726573544e-03
1.598099384838155227e-03
1.669654060302931719e-03
1.744477354572991547e-03
1.822701858741886767e-03
1.904532507338114024e-03
1.990263883060068573e-03
2.080216337335392008e-03
2.174731989457577997e-03
2.274014266943050547e-03
2.378019533506778131e-03
2.486649134890569698e-03
2.599780918309548081e-03
2.717542000441551617e-03
2.840470836700107089e-03
2.969170773408407772e-03
3.104318338969244175e-03
3.246333252774249133e-03
3.394936436692780769e-03
3.549683630769412488e-03
3.710078518883644719e-03
3.876027486999201587e-03
4.048290229508798646e-03
4.227774577615240476e-03
4.415487566557098169e-03
4.612269251695414081e-03
4.817879277842999214e-03
5.031718392841028065e-03
5.253121294603210235e-03
5.481526917972229934e-03
5.717095316279089887e-03
5.960294175452118641e-03
6.211594752015266001e-03
6.471472892989264813e-03
6.740930310773153751e-03
7.011005916164932822e-03
6.457683319549422166e-03
6.056641441160685001e-03
5.804453525169060366e-03
5.680609810915075199e-03
5.624062654982093720e-03
5.566727695480682206e-03
5.504791639426227443e-03
5.465886389615324907e-03
5.449123447644609909e-03
5.433900522585214873e-03
5.413039235645357959e-03
5.392491275526038741e-03
5.374813398371729688e-03
5.357624622946080203e-03
5.339781535721050895e-03
5.322757052623612074e-03
5.307400103442988862e-03
5.292575475419000926e-03
5.277411398561843332e-03
5.262698219674362583e-03
5.249240603717848785e-03
5.236530820552062586e-03
5.223864673830566803e-03
5.211464769549444855e-03
5.199828775693052414e-03
5.188875642223002987e-03
5.178257556138414312e-03
5.167940400328046094e-03
5.158099394075793889e-03
5.148810063529666095e-03
5.140052198643182621e-03
5.131749098757252062e-03
5.123761637004534304e-03
5.116090549278380813e-03
5.108969592292898418e-03
5.102475618872437217e-03
5.096290808714293297e-03
5.090221676789867013e-03
5.084614574023964967e-03
5.079767339620284809e-03
5.075332093549917052e-03
5.070904782155328562e-03
5.066780837819850718e-03
5.063439785384694219e-03
5.060690624100586815e-03
5.058040353558596221e-03
5.055559808643700880e-03
5.053698061712586127e-03
5.052494162194437824e-03
5.051596030946166847e-03
5.050905987335137758e-03
5.050673781213117081e-03
5.051021547931223987e-03
5.051804450147702116e-03
5.052925497653910046e-03
5.054472182393801409e-03
5.056533882177864821e-03
5.059107553908024670e-03
5.062171167053575692e-03
5.065706517154103944e-03
5.069705800981065200e-03
5.074225778391856095e-03
5.079343914929292103e-03
5.085039220332345650e-03
5.091234833676937417e-03
5.097964505434774730e-03
5.105358678490060954e-03
5.113486938571590659e-03
5.122338204649942543e-03
5.131789376769016475e-03
5.141531228902806831e-03
5.151787651608480401e-03
5.164172674122584003e-03
5.178923965602760283e-03
5.190288737486525340e-03
5.193052803370058063e-03
5.193104485801583459e-03
5.198433112619668499e-03
5.201165147369261540e-03
5.186270369902649946e-03
5.155214612953807479e-03
5.121598685317961010e-03
5.087531012780831252e-03
5.042259795728595319e-03
4.980424109327925841e-03
4.906436279243445338e-03
4.825612722778550509e-03
4.743354211322737927e-03
4.663678180767804465e-03
4.585844787380688806e-03
4.508316208101791935e-03
4.431772021057724630e-03
4.357566087897721437e-03
4.284955433557953441e-03
4.211992352997520443e-03
4.139084404849148469e-03
4.068970130178790369e-03
4.001905721812232426e-03
3.933960746108010678e-03
3.863181718477722883e-03
3.794028238763501228e-03
3.730253457376658463e-03
3.667084762526965757e-03
3.598169671629700660e-03
3.526467285110338259e-03
3.459653961001560914e-03
3.396844463747751130e-03
3.328827054883820927e-03
3.252564365731434610e-03
3.176432812239093559e-03
3.105840360363920465e-03
3.032672162906820991e-03
2.947821407946782032e-03
2.853479718676809381e-03
2.756442298228729479e-03
2.659481095985734116e-03
2.561966750472318560e-03
2.462285219705930353e-03
2.357285894616143514e-03
2.246864400921218859e-03
2.141950657916855214e-03
2.054973893186098736e-03
2.001076721771851558e-03
1.996124518789936086e-03
2.036003551120174875e-03
2.092420143346128587e-03
2.142599175387560617e-03
2.189431058322357290e-03
2.241268704723952190e-03
2.300071501753914345e-03
2.363631814470215382e-03
2.430807935282045060e-03
2.502711742888430371e-03
2.580647239628823877e-03
2.665028240747395385e-03
2.755916559700863529e-03
2.853721967957893128e-03
2.959376038885999129e-03
3.073883881264556899e-03
3.197983299368107289e-03
3.332348080250491749e-03
3.477863313142431131e-03
3.635750346416662376e-03
3.807369872631873129e-03
3.994058867556722625e-03
4.197191181672757856e-03
4.418308828493753768e-03
4.659224254344701555e-03
4.921966866398998393e-03
5.208761877365140729e-03
5.522035053437526764e-03
5.864459670943611251e-03
6.238959738030153135e-03
6.648731418407128994e-03
7.097313035138303784e-03
7.589061128710558948e-03
8.129343531247149382e-03
8.724358704848137955e-03
9.381113418432363363e-03
1.010764091110428163e-02
1.091331914584235500e-02
1.180937275761403255e-02
1.280915972646558439e-02
1.392843438703467163e-02
1.518554063981017097e-02
1.660198747364228025e-02
1.820339817629229237e-02
2.002074637421518560e-02
2.209177628422354447e-02
2.446186820249194802e-02
2.717719441359074672e-02
3.028076290078774227e-02
3.381779731398165678e-02
3.783527002500147729e-02
4.238121361637788714e-02
4.750283012130854243e-02
5.324355644969342577e-02
5.963926332876469394e-02
6.671314077126987152e-02
7.447077666419367470e-02
8.289397985128983681e-02
9.193476174347511853e-02
1.015286964485088428e-01
1.116133340731366164e-01
1.221050687217456188e-01
1.328939541332447849e-01
1.438428557509275896e-01
1.547874788923004064e-01
1.655376627886910590e-01
1.758803074727091909e-01
1.855832779290684242e-01
1.944014434935007474e-01
2.020876640522259182e-01
2.085000366978682351e-01
2.136471513394854194e-01
2.175920587514262039e-01
2.204413501422987087e-01
2.223388715628532020e-01
2.234588352748107798e-01
2.239991557735955541e-01
2.241756801174740465e-01
2.242179202994019072e-01
2.243619752225185504e-01
2.247224712561311788e-01
2.252738654329566048e-01
2.259822570050707413e-01
2.268120809638589364e-01
2.277258415499344435e-01
2.286839289454893898e-01
2.296443806111694574e-01
2.305633872695436182e-01
2.313955153727215164e-01
2.321108938673292210e-01
2.327218628692165892e-01
2.332474228605180555e-01
2.337071643753181882e-01
2.341218860948065805e-01
2.345139673881003750e-01
2.349076432682276061e-01
2.353282565893851097e-01
2.358012576948175787e-01
2.363399975524232421e-01
2.369391274840987327e-01
2.375921933443396195e-01
2.382930972585940166e-01
2.390354715007380337e-01
2.398122054667830294e-01
2.406151073723936662e-01
2.414346864783395719e-01
2.422621481694750278e-01
2.430997353103412639e-01
2.439541699596000091e-01
2.448328685662030935e-01
2.457440303106119273e-01
2.466964665425366021e-01
2.476993325120725731e-01
2.487620041858345510e-01
2.498948684177556556e-01
2.511167180343107930e-01
2.524517766723736178e-01
2.539254448677547016e-01
2.555643694066906946e-01
2.573966033097564443e-01
2.594518099367155717e-01
2.617615189258201691e-01
2.643564177152170069e-01
2.672445463194403348e-01
2.704224883413634539e-01
2.738867737316636464e-01
2.776338454805639122e-01
2.816599472842994389e-01
2.859610097124867800e-01
2.905325320726693805e-01
2.953674750296447771e-01
3.004504261933737541e-01
3.057625389045993125e-01
3.112829492089197458e-01
3.169885625773066762e-01
3.228538534829128448e-01
3.288506820393767849e-01
3.349487407408952011e-01
3.411336170363332143e-01
3.474116417001762991e-01
3.537908958868922205e-01
3.602800891955050266e-01
3.668885892032676677e-01
3.736264536239544132e-01
3.805044654076141231e-01
3.875325906600848302e-01
3.947148959825508840e-01
4.020538797477788973e-01
4.095520360697839091e-01
4.172118518118454467e-01
4.250358034395686491e-01
4.330263537220030434e-01
4.411852088557073892e-01
4.495047218289765500e-01
4.579700028383191235e-01
4.665645642235030643e-01
4.752703665195676108e-01
4.840677609584915220e-01
4.929354399164518341e-01
5.018493642675193600e-01
5.107431535263434741e-01
5.194920883560230074e-01
5.279591853650763555e-01
5.359992164019283800e-01
5.434597888148460232e-01
5.501828658310452536e-01
5.560070687964256964e-01
5.608243598835499499e-01
5.646459550144311557e-01
5.675046285902478616e-01
5.694394965369536932e-01
5.704952493015837955e-01
5.707213681017738738e-01
5.701713420939590327e-01
5.689135200489001676e-01
5.670575174218926984e-01
5.647218493643361148e-01
5.620246040380795227e-01
5.590826203314663845e-01
5.560109217698062656e-01
5.529224064205070510e-01
5.499098714676952104e-01
5.469699549940006955e-01
5.440683746679934041e-01
5.411714695179367096e-01
5.382462360045855432e-01
5.352603674349036833e-01
5.321823155852727361e-01
5.289849754270601334e-01
5.256706129264676619e-01
5.222551663851551229e-01
5.187543727598196153e-01
5.151836489902732463e-01
5.115580646770493400e-01
5.078923195709500460e-01
5.041989281202158280e-01
5.004679109670928661e-01
4.966748145646367463e-01
4.927958552873671350e-01
4.888082798054355638e-01
4.846904496924954731e-01
4.804219374950370880e-01
4.759841464613568385e-01
4.713714438638462179e-01
4.665904325611592851e-01
4.616484834992150565e-01
4.565532100943217597e-01
4.513124504078505073e-01
4.459342486442185449e-01
4.404269207347644155e-01
4.348059229146481464e-01
4.290982575195851911e-01
4.233307806106715310e-01
4.175288940715760622e-01
4.117165178527675828e-01
4.059160794592876487e-01
4.001485191579914891e-01
3.944301582719543231e-01
3.887622208603465079e-01
3.831420791839208473e-01
3.775674122076458361e-01
3.720362004960611757e-01
3.665467206322431393e-01
3.610975393298447855e-01
3.556876454312808411e-01
3.503199539859263578e-01
3.450011770654867194e-01
3.397377185392918553e-01
3.345354713188394280e-01
3.293998298160027427e-01
3.243357038770158796e-01
3.193475340068129831e-01
3.144385385962907287e-01
3.096043711636503604e-01
3.048372321570401722e-01
3.001301825749339014e-01
2.954771640088319495e-01
2.908729727779330587e-01
2.863132335100109227e-01
2.817943688681224801e-01
2.773146336831410763e-01
2.728889598753920787e-01
2.685428518516099761e-01
2.642988241301018615e-01
