1.633864273315191397e-04
1.729692765797014465e-04
1.831141737361049657e-04
1.938540837199254465e-04
2.052239048903414873e-04
2.172605824455526343e-04
2.300032284728362175e-04
2.434932490397111161e-04
2.577744787391840400e-04
2.728933231262649665e-04
2.888503183732430259e-04
3.057916430257025904e-04
3.237273853815152732e-04
3.427154286154502618e-04
3.628172411507141768e-04
3.840979957866062951e-04
4.066267543508368340e-04
4.304766646938438059e-04
4.557251588277448249e-04
4.824542443959384903e-04
5.107507288448715280e-04
5.407065078462653220e-04
5.724188687886553771e-04
6.059908013743958146e-04
6.415313306274764409e-04
6.791558691771024418e-04
7.189865897533300647e-04
7.611528205133768262e-04
8.057914653196803943e-04
8.530474465831074148e-04
9.030741742066404534e-04
9.560340400626378063e-04
1.012098942089937866e-03
1.071450839484653717e-03
1.134282339613178637e-03
1.200797318782491482e-03
1.271211579791454386e-03
1.345753547353046014e-03
1.424665003268514888e-03
1.508201862641842536e-03
1.596634995592677081e-03
1.690251095989080002e-03
1.789353599759052138e-03
1.894263655513704061e-03
2.005321150310855789e-03
2.122885793492106359e-03
2.247338261672263918e-03
2.379081408073251309e-03
2.518541539523143618e-03
2.666169764561401954e-03
2.822443416243095547e-03
2.987867553416392093e-03
3.162976544016289984e-03
3.348335734084192331e-03
3.544543206863216053e-03
3.752231635719667849e-03
3.972070234903019199e-03
4.204766812132913409e-03
4.451069926948406259e-03
4.711771158445141570e-03
4.987707484778328669e-03
5.279763777678502142e-03
5.588875420060500365e-03
5.916031043902648424e-03
6.262275391409325397e-03
6.628712300610137623e-03
7.016507817548073463e-03
7.426893435944006971e-03
7.861169469102605167e-03
8.320708541485324905e-03
8.806959178524953122e-03
9.321449516416835390e-03
9.865791109267723832e-03
1.044168281742023467e-02
1.105091474169678234e-02
1.169537219224484059e-02
1.237703972741193044e-02
1.309800514853080335e-02
1.386046342968421351e-02
1.466672052365990651e-02
1.551919703318134849e-02
1.642043161000958026e-02
1.737308400890326746e-02
1.837993773319923294e-02
1.944390215426784405e-02
2.056801400608951336e-02
2.175543791369121543e-02
2.300946588804489087e-02
2.433351554835706115e-02
2.573112654165106081e-02
2.720595506666818181e-02
2.876176701269794050e-02
3.040242806954595450e-02
3.213189101066464548e-02
3.395418042967526806e-02
3.587337165811915057e-02
3.789356490289659540e-02
4.001885446785637818e-02
4.225329142416816425e-02
4.460084146706715102e-02
4.706533573141646193e-02
4.965041147292450358e-02
5.235944126342637062e-02
5.519544884004736612e-02
5.816101626767843785e-02
6.125818077762530678e-02
6.448833072951627721e-02
6.785209684789264561e-02
7.134920612223105696e-02
7.497833465663569785e-02
7.873695638954721077e-02
8.262118779092865462e-02
8.662562954000391224e-02
9.074319493659202540e-02
9.496487909333219124e-02
9.927959337881073210e-02
1.036740523813499681e-01
1.081327477403410536e-01
1.126381427702878024e-01
1.171705551871311951e-01
1.217080725703936911e-01
1.262262837539321336e-01
1.306981533935911155e-01
1.350946183884063900e-01
1.393850236253324493e-01
1.435382235203206958e-01
1.475229767570543638e-01
1.513080040575625618e-01
1.548622664647419933e-01
1.581548580443256913e-01
1.611564011187962830e-01
1.638399069355128412e-01
1.661817800119681221e-01
1.681622715883046570e-01
1.697650254993721963e-01
1.709777589039666867e-01
1.717925792457944967e-01
1.722060949289852538e-01
1.722193171931248878e-01
1.718370494889960576e-01
1.710673782429794065e-01
1.699223260389385870e-01
1.684178327722941071e-01
1.665744283736330100e-01
1.644158401789891089e-01
1.619673245129939487e-01
1.592549423648166873e-01
1.563047558738276943e-01
1.531435675258144558e-01
1.497988839841173092e-01
1.463008536825489148e-01
1.426808633220784106e-01
1.389682745558768473e-01
1.351883358134963187e-01
1.313593027582812267e-01
1.274975200519235241e-01
1.236193277478219166e-01
1.197453882760098481e-01
1.158979342503860810e-01
1.120952632002086002e-01
1.083491486708296897e-01
1.046625099887863314e-01
1.010378754521151917e-01
9.747931107383445148e-02
9.399646388652388440e-02
9.060003010185513350e-02
8.729725084722916861e-02
8.409022576154052964e-02
8.097560950509564981e-02
7.795082628325412932e-02
7.501485463263375675e-02
7.217041322318332175e-02
6.942062666730285103e-02
6.676705090132485643e-02
6.420855467773008141e-02
6.174184644206445749e-02
5.936420121880987832e-02
5.707364559629919676e-02
5.486965539584644919e-02
5.275156800150684194e-02
5.071823262464429660e-02
4.876789314765305611e-02
4.689838662217934995e-02
4.510743129555642300e-02
4.339206804162645120e-02
4.174864878591076633e-02
4.017377547506278263e-02
3.866458944638717643e-02
3.721955131075251055e-02
3.583774279372452243e-02
3.451765727616853963e-02
3.325655024415342248e-02
3.204970795267849532e-02
3.089285566554667364e-02
2.978283821732701300e-02
2.871898326624975142e-02
2.770246386725871979e-02
2.673341796103375842e-02
2.581042493978016189e-02
2.492884211306625741e-02
2.408358263476370262e-02
2.327092750261975165e-02
2.248943840095046776e-02
2.174146467503563357e-02
2.102901290197532053e-02
2.035278896313486366e-02
1.971107589775289437e-02
1.909939672714729836e-02
1.851440770884852510e-02
1.795369664969276996e-02
1.741713291041847855e-02
1.690744843763671013e-02
1.642646899340045527e-02
1.597520274962968903e-02
1.555311179761916830e-02
1.515747386570252646e-02
1.478600676686396727e-02
1.443683404754300507e-02
1.410843387860702056e-02
1.380069015772620970e-02
1.351436697629696849e-02
1.324961253397100892e-02
1.300638504783860512e-02
1.278444654663296598e-02
1.258300339449748735e-02
1.240074926859769007e-02
1.223660222046504993e-02
1.208940871247301402e-02
1.195810402219764541e-02
1.184176671453492959e-02
1.173961659019203199e-02
1.165110871498889825e-02
1.157576733389185410e-02
1.151301987359606809e-02
1.146229382711442570e-02
1.142310221479420941e-02
1.139511101007912447e-02
1.137800660202211919e-02
1.137146834375050639e-02
1.137520416850003498e-02
1.138894627539425303e-02
1.141244462954336958e-02
1.144548546324737799e-02
1.148790728109043598e-02
1.153959464972051548e-02
1.160047438575002171e-02
1.167050397500683789e-02
1.174967292705310362e-02
1.183800245754738738e-02
1.193554459281944390e-02
1.204238149795753068e-02
1.215865149828860951e-02
1.228474062881083906e-02
1.242134465996677650e-02
1.256913088602403666e-02
1.272875419310029281e-02
1.290093703504933097e-02
1.308647650957731057e-02
1.328625217500539746e-02
1.350116115209460711e-02
1.373133357180487610e-02
1.397573456793510180e-02
1.423353904654253536e-02
1.450430636734250517e-02
1.478754714840376135e-02
1.508270987687516072e-02
1.538917340324886737e-02
1.570622662473670703e-02
1.603294423258773763e-02
1.636814796159914709e-02
1.671060253439291335e-02
1.705901358521466973e-02
1.741196661716881353e-02
1.776792390410096914e-02
1.812522336904694858e-02
1.848281572525256253e-02
1.884493764476660033e-02
1.922083531047777405e-02
1.961708150322129945e-02
2.003898487525349742e-02
2.049252492741349824e-02
2.098451461055284364e-02
2.152280301293554160e-02
2.211526088658560471e-02
2.276364629823333235e-02
2.346482107330139649e-02
2.422025689217153013e-02
2.503361889782287214e-02
2.590892954680809254e-02
2.685059128827850181e-02
2.786337813810416814e-02
2.894889865900741530e-02
3.009729537475006739e-02
3.129319935950541226e-02
3.252636072994450483e-02
3.378592104993471956e-02
3.505918140450105247e-02
3.633165432007085666e-02
3.758742118301424545e-02
3.881417455336193950e-02
4.000566487989141995e-02
4.115283602205115771e-02
4.224160670229201719e-02
4.325738217993534834e-02
4.418556231986452837e-02
4.501190831931153186e-02
4.572346215654842644e-02
4.631479910004020900e-02
4.678751885937920685e-02
4.713970126832943419e-02
4.736666991621518025e-02
4.746509945113156631e-02
4.743319279627143670e-02
4.727075272586863525e-02
4.697940001083462935e-02
4.657290516248653589e-02
4.608359826841935958e-02
4.553608000110542092e-02
4.493700979925552286e-02
4.429154498014058194e-02
4.360510274638886019e-02
4.288289418207869019e-02
4.212989809050275702e-02
4.135042739393109124e-02
4.053920096366363246e-02
3.968055237314495332e-02
3.876730924494569547e-02
3.780276094338889947e-02
3.679252442556069785e-02
3.574747544887179468e-02
3.467955663277396544e-02
3.359714950653245463e-02
3.250584211766124887e-02
3.139852430800214173e-02
3.026193134264695134e-02
2.909231706725966954e-02
2.789812712050211349e-02
2.671123979569647172e-02
2.556409391600033415e-02
2.446501558300241685e-02
2.338641879890715480e-02
2.228451486941555176e-02
2.114778411321366694e-02
2.002526237681113291e-02
1.899059561794982226e-02
1.806612528478168320e-02
1.719823674587842716e-02
1.631836405109439100e-02
1.542704528803271954e-02
1.459509231928314381e-02
1.388002397830437849e-02
1.324810919856565447e-02
1.262951156369857171e-02
1.200834544766947454e-02
1.143805096219331630e-02
1.096295330474921295e-02
1.055809244829331549e-02
1.017736828427345114e-02
9.814721047499213105e-03
9.500390074615517808e-03
9.255489570935178031e-03
9.069829523438115507e-03
8.926865156505833440e-03
8.823597850746678697e-03
8.765693454928266681e-03
8.758676021501000594e-03
8.808639340822531708e-03
8.922326707369457668e-03
9.093124004896639689e-03
9.303875628974844075e-03
9.539508024769971159e-03
9.791148598204277298e-03
1.005908480514863465e-02
1.035740270149268505e-02
1.070686043923228456e-02
1.112154630383121144e-02
1.161216606980515140e-02
1.216742264692547044e-02
1.276464599376603108e-02
1.339662056600190998e-02
1.406070626926911142e-02
1.477895644431044021e-02
1.565461986377305811e-02
1.684974624224884823e-02
1.854221519229256807e-02
2.099466246954923010e-02
2.463090135538827455e-02
3.028014938437910072e-02
4.008752144511527199e-02
6.060819453689333947e-02
1.256735493641715495e-01
-1.682405617133346798e+00
-1.080451514763580007e-01
-5.526244556433296262e-02
-3.690989192251680623e-02
-2.761417128325139789e-02
-2.202886587997442830e-02
-1.833148995942967055e-02
-1.571804085956253830e-02
-1.378443134995774311e-02
-1.230520015150110731e-02
-1.113987333328530366e-02
-1.019930076663460791e-02
-9.416673500406487485e-03
-8.735712789444851148e-03
-8.125875720429717036e-03
-7.576308172413103240e-03
-7.078108201891003537e-03
-6.623170379522232490e-03
-6.206108431064129814e-03
-5.824247998018293286e-03
-5.476760311718818948e-03
-5.161687464141289511e-03
-4.875341984770043338e-03
-4.614319323495707191e-03
-4.375713574175344248e-03
-4.157141915470008442e-03
-3.956798412331125926e-03
-3.773351511613763816e-03
-3.605321806712962797e-03
-3.450942327822651215e-03
-3.308603124643203983e-03
-3.176940568883133368e-03
-3.054791605941143458e-03
-2.941166703132263617e-03
-2.835302028400677257e-03
-2.736569760535626991e-03
-2.644329917943656801e-03
-2.557956795645977607e-03
-2.476877383030007609e-03
-2.400602129508351036e-03
-2.328720698609169047e-03
-2.260820520351715466e-03
-2.196473637513600939e-03
-2.135348644135551342e-03
-2.077212906257131127e-03
-2.021859068936700515e-03
-1.969097385410511613e-03
-1.918753954984739980e-03
-1.870602759934355316e-03
-1.824193148944566962e-03
-1.779163007100714603e-03
-1.735449607485311206e-03
-1.693055761915241136e-03
-1.651984310326238452e-03
-1.612231246526592970e-03
-1.573799774462210583e-03
-1.536916195247790742e-03
-1.501882616881474895e-03
-1.468707544798250652e-03
-1.437234350420514128e-03
-1.407319862298204820e-03
-1.378835969682255629e-03
-1.351667663217990482e-03
-1.325735995413544321e-03
-1.301024113914348891e-03
-1.277493200996535809e-03
-1.255050686199589514e-03
-1.233604815765708797e-03
-1.213072300260972054e-03
-1.193377169859385261e-03
-1.174439666062624538e-03
-1.156099835539583110e-03
-1.138191038808683466e-03
-1.120658139736666319e-03
-1.103498594632288787e-03
-1.086712724053439695e-03
-1.070302673986077207e-03
-1.054273519133234549e-03
-1.038655954210192505e-03
-1.023497189948511946e-03
-1.008808647301693727e-03
-9.945737661324583704e-04
-9.807787668949564681e-04
-9.674145913640920177e-04
-9.544751346443895897e-04
-9.418907567816978783e-04
-9.295140376511923765e-04
-9.172582055403761744e-04
-9.051124010414313093e-04
-8.930665509329089712e-04
-8.811039113335096843e-04
-8.692297808830897528e-04
-8.576623958127282173e-04
-8.466545555970845767e-04
-8.362197054118029969e-04
-8.262662508195036011e-04
-8.166467296580350293e-04
-8.068622560954665434e-04
-7.947755935282133999e-04
-7.778990617928157377e-04
-7.561086874380158187e-04
-7.309756440431077178e-04
-7.040980336470341674e-04
-6.772148429337608621e-04
-6.527118245195695284e-04
-6.315753379387260445e-04
-6.132164980052471530e-04
-5.970631215721057886e-04
-5.827646254591542421e-04
-5.698629139855274257e-04
-5.574145890132718587e-04
-5.448418437483954890e-04
-5.321762092646538725e-04
-5.193585187068006396e-04
-5.063121728907204848e-04
-4.932492949554157435e-04
-4.805260695898407259e-04
-4.683299817093448600e-04
-4.567652350577823019e-04
-4.458895026763062190e-04
-4.356500464975890277e-04
-4.259816245787887800e-04
-4.168406962379967535e-04
-4.081748058936990223e-04
-3.998999901656055960e-04
-3.919501189124969956e-04
-3.843038060265424496e-04
-3.769515453041017219e-04
-3.698833854606813814e-04
-3.630875978306396493e-04
-3.565516119140615036e-04
-3.502708656093654551e-04
-3.442423411582925087e-04
-3.269149963444664382e-04
-3.008263131649068986e-04
-3.160928127683169725e-04
-3.558944892252196798e-04
-4.005112876555833685e-04
-4.506844351472297423e-04
-5.072883575813469641e-04
-5.711323530656419551e-04
-6.429495870198710531e-04
-7.234984162548736050e-04
-8.137383130052875356e-04
-9.151644716181494763e-04
-1.029654036787145018e-03
-1.159473073848028661e-03
-1.306859110468176115e-03
-1.474028029469509355e-03
-1.663430723365190043e-03
-1.877988876662605063e-03
-2.121934781732737803e-03
-2.400721663347474798e-03
-2.721211207269178672e-03
-3.091603074125614126e-03
-3.521093096199345244e-03
-4.020871187399163542e-03
-4.604838571030611671e-03
-5.291411274710318934e-03
-6.106102807180861618e-03
-7.083667362425700650e-03
-8.272526363432335106e-03
-9.740919704432356857e-03
-1.158725004958137926e-02
-1.396132952755506362e-02
-1.710333507675079745e-02
-2.142599022620365889e-02
-2.770671982516348039e-02
-3.759764116607636902e-02
-5.533572470222557216e-02
-9.604553439958289640e-02
-2.835099170673581193e-01
3.755288604567150190e-01
1.215004070240243844e-01
7.553437292556403060e-02
5.635852670507238149e-02
4.588833841856512774e-02
3.932649556412443764e-02
3.485335875226671515e-02
3.162583650190246148e-02
2.919706847081326995e-02
2.730997899708172486e-02
2.580668208032884173e-02
2.458498591265553465e-02
2.357736089197331672e-02
2.273825123136000159e-02
2.203447456710702634e-02
2.144121360089716946e-02
2.093954333555089753e-02
2.051352552377325167e-02
2.014945129143127026e-02
1.983662019143517252e-02
1.956663101600639165e-02
1.933287863543036236e-02
1.913120260488289717e-02
1.895945105658274066e-02
1.881593706908134614e-02
1.869930469541966275e-02
1.860847429506872625e-02
1.854193136690861221e-02
1.849726987239762657e-02
1.847240215132214119e-02
1.846561023498326237e-02
1.847547997252063645e-02
1.850109370638109568e-02
1.854279832526811375e-02
1.860127964319271618e-02
1.867719236975067670e-02
1.877115811126887565e-02
1.888374806663638966e-02
1.901497625549549569e-02
1.916418991678497941e-02
1.933072400237016014e-02
1.951402575708540907e-02
1.971364751490569528e-02
1.992929874159446099e-02
2.016127096333016414e-02
2.041010601899437629e-02
2.067632048158628277e-02
2.096042465916412786e-02
2.126300536163030011e-02
2.158458783056847047e-02
2.192533809272885492e-02
2.228534050484400411e-02
2.266470935892229630e-02
2.306358612730291871e-02
2.348213838239608664e-02
2.392059600311242581e-02
2.437930665506389885e-02
2.485859997248475450e-02
2.535883043046271643e-02
2.588038209040187734e-02
2.642366679573409857e-02
2.698910821457594506e-02
2.757705157485788872e-02
2.818781891112472418e-02
2.882170764306030489e-02
2.947896608356135803e-02
3.015987620790589949e-02
3.086476254029323768e-02
3.159400599932524895e-02
3.234804308422054714e-02
3.312735032280291619e-02
3.393244549000563881e-02
3.476389327414410035e-02
3.562231285989404805e-02
3.650837763377957207e-02
3.742282172777759708e-02
3.836642015805743350e-02
3.933998083195162920e-02
4.034434190351744026e-02
4.138036843197100134e-02
4.244888277176243202e-02
4.355062429149844649e-02
4.468635740683093993e-02
4.585691069382343693e-02
4.706318111737312071e-02
4.830613483891881693e-02
4.958680692087218816e-02
5.090630195152474197e-02
5.226582205589864333e-02
5.366664379018622894e-02
5.511008247499855212e-02
5.659749282965741146e-02
5.813027092197230877e-02
5.970985607644688914e-02
6.133773101516962201e-02
6.301540433715717426e-02
6.474442387417043976e-02
6.652639616733398154e-02
6.836298788264494330e-02
7.025592477305298011e-02
7.220699072832337251e-02
7.421802715316587473e-02
7.629093745021510442e-02
7.842769612758969389e-02
8.063036369092581312e-02
8.290103308947530114e-02
8.524182000434978035e-02
8.765486463147058316e-02
9.014233497532199435e-02
9.270642913658530548e-02
9.534937783925483135e-02
9.807345934502760543e-02
1.008810020432123339e-01
1.037743815678905113e-01
1.067560266341035791e-01
1.098284273797196786e-01
1.129941442299510213e-01
1.162558189562550304e-01
1.196161873972685225e-01
1.230780901306666036e-01
1.266444843886471161e-01
1.303184600025258655e-01
1.341032570721106265e-01
1.380022875327577558e-01
1.420191571585407708e-01
1.461576683552346656e-01
1.504218292147045388e-01
1.548159062368615058e-01
1.593444657341222814e-01
1.640123945007569972e-01
1.688249360101521102e-01
1.737877302719085526e-01
1.789068427334861155e-01
1.841887457270129369e-01
1.896403771062110943e-01
1.952692390582412840e-01
2.010833965646582622e-01
2.070914672815245550e-01
2.133026047483047027e-01
2.197264551792436904e-01
2.263730517497221928e-01
2.332526233346733646e-01
2.403755281268458721e-01
2.477521812036256599e-01
2.553927946135819416e-01
2.633071737458695383e-01
2.715045553516819421e-01
2.799934389695090120e-01
2.887814674087880729e-01
2.978753213646713194e-01
3.072806775754283182e-01
3.170024652328597980e-01
3.270451098709882820e-01
3.374126213075484548e-01
3.481087581109584828e-01
3.591372217939137745e-01
3.705018756952314085e-01
3.822068914126948158e-01
3.942568053594177613e-01
4.066567206442662230e-01
4.194124217527945842e-01
4.325299644291724643e-01
4.460160808307805369e-01
4.598788688052382612e-01
4.741271836919617733e-01
4.887692316862074504e-01
5.038131849047726707e-01
5.192689737409286188e-01
5.351515080689122072e-01
5.514791308983502116e-01
5.682679981705796024e-01
5.855288350395903008e-01
6.032691141458969009e-01
6.214995756798261661e-01
6.402380243607844745e-01
6.595066451469488999e-01
6.793241756694547995e-01
6.996957765764270087e-01
7.206206677613192779e-01
7.421121283900381504e-01
7.642091987815025078e-01
7.869560001703015395e-01
8.103736998053320262e-01
8.344631663254133969e-01
8.592266719960106602e-01
8.846860223929366995e-01
9.108744750338870766e-01
9.378213528465608739e-01
9.655362425103193313e-01
9.940209917079890767e-01
1.023295041437223496e+00
1.053402325048016897e+00
1.084387673039109545e+00
1.116278664792943243e+00
1.149096709827377216e+00
1.182864899922948076e+00
1.217607609667579194e+00
1.253349848488475304e+00
1.290118095962256017e+00
1.327936863672592782e+00
1.366832470991617532e+00
1.406830217904795344e+00
1.447951853534859445e+00
1.490233440437039647e+00
1.533748431876164720e+00
1.578572227257494021e+00
1.624728439169271343e+00
1.672208724719814965e+00
1.721029023696746263e+00
1.771257039502557529e+00
1.822969843046675864e+00
1.876189936029610150e+00
1.930887967958402562e+00
1.987070166245307634e+00
2.044860618999610136e+00
2.104411489744260955e+00
2.165768514246802390e+00
2.228891586633023891e+00
2.293774189733308155e+00
2.360513350279758171e+00
2.429230028534123065e+00
2.499971567557070617e+00
2.572715572465052780e+00
2.647470219549878490e+00
2.724352142547378453e+00
2.803505725588958164e+00
2.885006014982491873e+00
2.968879559689882708e+00
3.055168234232014335e+00
3.143949257459556890e+00
3.235306327071896249e+00
3.329313453600601047e+00
3.426037328711819985e+00
3.525546338620428433e+00
3.627902824262560166e+00
3.733169606330698276e+00
3.841459419523590046e+00
3.952936955427567511e+00
4.067725664782668282e+00
4.185828125126065835e+00
4.307236474146426630e+00
4.432098727016119177e+00
4.560665795092566199e+00
4.693093853516951519e+00
4.829346519577332408e+00
4.969386123123699761e+00
5.113404245885367239e+00
5.261720165183923825e+00
5.414489228657499709e+00
5.571578924879029060e+00
5.732894589239299066e+00
5.898746108002357325e+00
6.069605942791304720e+00
6.245681441013141821e+00
6.426900626835935881e+00
6.613244037805411146e+00
6.804932425026120946e+00
7.002250318093975245e+00
7.205336389174300749e+00
7.414183458362147761e+00
7.628860292543996557e+00
7.849655042549774642e+00
8.076893984732015142e+00
8.310810266733740903e+00
8.551614497932870762e+00
8.799498530776212135e+00
9.054593079524469346e+00
9.317033817791305239e+00
9.587032858072419117e+00
9.864835766130688910e+00
1.015062864878207627e+01
1.044445334393997094e+01
1.074641158653216877e+01
1.105705556023530001e+01
1.137712081562209399e+01
1.170690493450987013e+01
1.204628245089034166e+01
1.239526923364918254e+01
1.275434386763684635e+01
1.312407243209631957e+01
1.350451837463393367e+01
1.389529929182309331e+01
1.429650302439126186e+01
1.470931864837852210e+01
1.513496979312308355e+01
1.557360497932509880e+01
1.602491929021385531e+01
1.648904478038864951e+01
1.696661232816875042e+01
1.745820810560653058e+01
1.796393257427026668e+01
1.848372628666489348e+01
1.901803836321652241e+01
1.956780695640075507e+01
2.013381853423662449e+01
2.071650001512209016e+01
2.131624552502608339e+01
2.193345567872030699e+01
2.256849850454526418e+01
2.322183348120906743e+01
2.389405471434173833e+01
2.458576277077854044e+01
2.529733170364899664e+01
2.602901672926530452e+01
2.678150702688180829e+01
2.755609928353886673e+01
2.835390211741627198e+01
2.917521980434606732e+01
3.002020851256218492e+01
3.088947713950656038e+01
3.178388624242516869e+01
3.270424812123977176e+01
3.365127933404163230e+01
3.462571248090621623e+01
3.562834085937934958e+01
3.665999340411869412e+01
3.772151468442688582e+01
3.881376565378521093e+01
3.993763283702417510e+01
4.109403158424921543e+01
4.228390429455846800e+01
4.350821979632951297e+01
4.476797445487196114e+01
4.606419358460190239e+01
4.739793239404981762e+01
4.877027662997702606e+01
5.018234337200002670e+01
5.163528198737314767e+01
5.313027510603952663e+01
5.466853958307913786e+01
5.625132747180052206e+01
5.787992703673262440e+01
5.955566380579415409e+01
6.127990165064691297e+01
6.305404389503236473e+01
6.487953445457603152e+01
6.675785901050092264e+01
6.869054621793642923e+01
7.067916894887868295e+01
7.272534557086359541e+01
7.483074126263751680e+01
7.699706936789895906e+01
7.922609278826531920e+01
8.151962541645976046e+01
8.387953361094244542e+01
8.630773771320920673e+01
8.880621360889179527e+01
9.137699433407196636e+01
9.402217172800675371e+01
9.674389813364230406e+01
9.954438814730276874e+01
1.024259204189982171e+02
1.053908395047076141e+02
1.084415577723057567e+02
1.115805573625385279e+02
1.148103922067353295e+02
1.181336901028650033e+02
1.215531548515561440e+02
1.250715684539457726e+02
1.286917933730342725e+02
1.324167748604539270e+02
1.362495433505211224e+02
1.401932169234134165e+02
1.442510038397007293e+02
1.484262051480371554e+02
1.527222173683363451e+02
1.571425352525013750e+02
1.616907546249059635e+02
1.663705753051149543e+02
1.711858041149888550e+02
1.761403579728317652e+02
1.812382670769788717e+02
1.864836781813149571e+02
1.918808579656785867e+02
1.974341965035212354e+02
2.031482108299731237e+02
2.090275486130425406e+02
2.150769919307986129e+02
2.213014611579973234e+02
2.277060189648661037e+02
2.342958744316048296e+02
2.410763872819003666e+02
2.480530722386207856e+02
2.552316035056710177e+02
2.626178193792335946e+02
2.702177269924278562e+02
2.780375071972221690e+02
2.860835195872203371e+02
2.943623076658849982e+02
3.028806041979563020e+02
3.116453399218284517e+02
3.206636523344585612e+02
3.299428833869382061e+02
3.394905815701721963e+02
3.493145130778985958e+02
3.594226687375806932e+02
3.698232705073082229e+02
3.805247781603766839e+02
3.915358961633818922e+02
4.028655807531463324e+02
4.145230472182864219e+02
4.265177773914367663e+02
4.388595273581738638e+02
4.515583353886178770e+02
4.646245300987231417e+02
4.780687388473870101e+02
4.919018963765362855e+02
5.061352537010477590e+02
5.207803872555566613e+02
5.358492083060925779e+02
5.513539726336623517e+02
5.673072904979477471e+02
5.837221368893398221e+02
6.006118620769054814e+02
6.179902024620739667e+02
6.358712917456422247e+02
6.542696724180188994e+02
6.732003075818223579e+02
6.926785931159139409e+02
7.127203701917979970e+02
7.333419381514349880e+02
7.545600677578825071e+02
7.763920148290330872e+02
7.988555342652610989e+02
8.219688944833318374e+02
8.457508922669901494e+02
8.702208680477589269e+02
8.953987216272596470e+02
9.213049283539268117e+02
9.479605557681466053e+02
9.753872807280156394e+02
1.003607407031031016e+03
1.032643883545116523e+03
1.062520322863609863e+03
1.093261020500327959e+03
1.124890974638992475e+03
1.157423696288394467e+03
