1.633865082077798458e+00
1.715191277172555706e+00
1.800565511533921637e+00
1.890189277705408122e+00
1.984274097591026687e+00
2.083042021670132637e+00
2.186726153060889910e+00
2.295571197669149743e+00
2.409834041721200304e+00
2.529784358043387638e+00
2.609890799690508967e+00
2.737273550931847321e+00
2.872905964139887747e+00
3.016292526507617033e+00
3.167325707415594493e+00
3.326093318676502264e+00
3.492826662804154214e+00
3.667807195538619336e+00
3.851391513120038912e+00
4.043967238857209878e+00
4.245944394066746952e+00
4.457776043460328630e+00
4.679935288588340292e+00
4.912915369650607822e+00
5.157237506939963190e+00
5.413449194626792860e+00
5.682122010892022068e+00
5.963852530228395565e+00
6.259263989055614097e+00
6.569007198996083652e+00
6.893761404971923135e+00
7.234235038417802244e+00
7.591166667858304073e+00
7.965325903248388073e+00
8.357514210076249839e+00
8.768565882360244146e+00
9.199349026591148615e+00
9.650765984240150530e+00
1.012375398631224499e+01
1.061928591948733036e+01
1.113837080568924698e+01
1.168205418566074805e+01
1.225141836128887718e+01
1.284758246991582276e+01
1.347170237251240366e+01
1.412497033840725003e+01
1.480861441456955951e+01
1.552389746904985834e+01
1.627211598313615681e+01
1.705459845745462388e+01
1.787270340403268420e+01
1.872781653496373266e+01
1.962134677055188448e+01
2.055472285649940645e+01
2.152938951886522290e+01
2.254680204738869520e+01
2.360842020803924513e+01
2.471570122603559838e+01
2.587009174486707153e+01
2.707301867026641773e+01
2.832587880639874456e+01
2.963002719111007366e+01
3.098676403817623282e+01
3.239732019712161559e+01
3.386284103190083528e+01
3.538436857288368032e+01
3.696282186901946432e+01
3.859897614505146635e+01
4.029344166555141271e+01
4.204663908103033521e+01
4.385877194740634621e+01
4.572979927755635998e+01
4.765940638516710948e+01
4.964697452720373150e+01
5.169154966768636683e+01
5.379181076221765068e+01
5.594603812341362215e+01
5.815208255984972396e+01
6.040733538404731462e+01
6.270869986634494353e+01
6.505256568118545601e+01
6.743478687202707533e+01
6.985066468049713251e+01
7.229494054902660594e+01
7.476180542852083022e+01
7.724490496122025718e+01
7.973735479366166601e+01
8.223176553971197222e+01
8.472027765817695411e+01
8.719460964678472692e+01
8.964611689516095794e+01
9.206586168107830304e+01
9.444469835839272776e+01
9.677338936447900153e+01
9.904273552882291654e+01
1.012436797566048625e+02
1.033674350327921445e+02
1.054056146757713606e+02
1.073504007702885730e+02
1.091948058460129687e+02
1.109326558333140156e+02
1.125583571865594337e+02
1.140671743491361525e+02
1.154552621411195616e+02
1.167197003967566502e+02
1.178585368509079387e+02
1.188710544506199938e+02
1.197583630710593070e+02
1.205229913168083584e+02
1.211685478623348047e+02
1.216997464817398935e+02
1.221223124253252763e+02
1.224427866074476015e+02
1.226677971885489029e+02
1.228032050455968118e+02
1.228552669130074264e+02
1.228306828623349958e+02
1.227364238461731105e+02
1.225796849116473908e+02
1.223678771902768716e+02
1.221090741519040961e+02
1.218129729113384769e+02
1.214897740291364414e+02
1.211493378879369089e+02
1.208013868869886949e+02
1.204554566893121432e+02
1.201206430731350281e+02
1.198039229430877981e+02
1.195080414071822617e+02
1.192345160209490444e+02
1.189838993761552075e+02
1.187565123714378217e+02
1.185524120401658905e+02
1.183713129275912195e+02
1.182125978048950969e+02
1.180753274933238686e+02
1.179582502819467607e+02
1.178598113926459092e+02
1.177782855306811456e+02
1.177132137055541676e+02
1.176675860490947372e+02
1.176450019441842869e+02
1.176486309136021475e+02
1.176816396378315517e+02
1.177470365805780830e+02
1.178477612836520052e+02
1.179867009476253799e+02
1.181667051295630273e+02
1.183906013644399735e+02
1.186612370492191531e+02
1.189827810303898303e+02
1.193639840177571330e+02
1.198168026213907922e+02
1.203524636286426528e+02
1.209829101827107394e+02
1.217211358952460927e+02
1.225814303799187996e+02
1.235796807677070035e+02
1.247337436168225082e+02
1.260639061245567945e+02
1.275915325938612597e+02
1.293230605478169366e+02
1.312342515452492080e+02
1.332986231506706076e+02
1.354918017169743507e+02
1.377858595264545158e+02
1.401494736029237913e+02
1.425482882229771349e+02
1.449454468209778213e+02
1.473022740449592618e+02
1.495816732041586761e+02
1.517574495337708811e+02
1.538129842129560245e+02
1.557267841582154233e+02
1.574768589662508589e+02
1.590422542564132300e+02
1.604033475658320071e+02
1.615421290015216016e+02
1.624424610451156354e+02
1.630903342260377258e+02
1.634819164662291939e+02
1.636438552552071428e+02
1.636199313162610451e+02
1.634354445904238275e+02
1.631116145585480126e+02
1.626688384267510230e+02
1.621267896803783515e+02
1.615045071436834689e+02
1.608204784896635715e+02
1.600927220414473027e+02
1.593387061487640324e+02
1.585670965841277678e+02
1.577615382150371488e+02
1.568951953918057711e+02
1.559557480318940463e+02
1.549333980072526629e+02
1.538190165301272145e+02
1.526042427861925148e+02
1.512815783864895707e+02
1.498444758888754791e+02
1.482874204194565948e+02
1.466063143511595968e+02
1.447990538323073793e+02
1.428630144590607358e+02
1.407940271219550255e+02
1.385910440145703433e+02
1.362556458364942955e+02
1.337910092847901922e+02
1.312017426393679784e+02
1.284928136598779815e+02
1.256688316393148739e+02
1.227357808745229732e+02
1.197015712530591145e+02
1.165751360772102174e+02
1.133664516324303122e+02
1.100893309691301454e+02
1.067633688804170049e+02
1.034070134980200351e+02
1.000337837637402458e+02
9.665562964263180845e+01
9.328262722853229150e+01
8.992371629543133338e+01
8.658791813000404147e+01
8.328378974476594010e+01
8.001957473395017928e+01
7.680301877106684572e+01
7.364085559998763131e+01
7.053914183975832941e+01
6.750350578952831881e+01
6.453889893185206006e+01
6.164961207206034288e+01
5.883902927228462687e+01
5.610901877950528416e+01
5.346102352142256819e+01
5.089753274506750103e+01
4.842234284858523807e+01
4.603814920548769862e+01
4.374440827493817352e+01
4.153720958046946521e+01
3.941260323536834420e+01
3.737038097934819803e+01
3.541403475193893513e+01
3.354637744069237471e+01
3.176459435074565363e+01
3.006122856916961794e+01
2.843003294708717377e+01
2.687083608475830943e+01
2.538740481537038463e+01
2.398070282014982268e+01
2.264576982057888088e+01
2.137491717392141410e+01
2.016446737154025470e+01
1.901523401205366071e+01
1.792868086285839269e+01
1.690209678606705879e+01
1.593012651765188537e+01
1.500848002994922581e+01
1.413582365145884090e+01
1.331194535663964196e+01
1.253507678187833640e+01
1.180208811053747731e+01
1.110990050508952720e+01
1.045652421209874205e+01
9.840447648651087675e+00
9.260022004747602509e+00
8.713524919954688031e+00
8.199271200222455036e+00
7.715345477602348012e+00
7.259541810117575267e+00
6.830040023080177214e+00
6.425951717488422865e+00
6.046709400734959772e+00
5.690717824562237404e+00
5.355529261375352235e+00
5.039337406532909291e+00
4.741965932370550973e+00
4.463821576389521262e+00
4.203679573191722696e+00
3.958890050171240294e+00
3.727488158337470825e+00
3.509695187110169368e+00
3.306635323281444716e+00
3.117581350439193155e+00
2.940096877032190914e+00
2.772166530992612898e+00
2.613809988586063948e+00
2.466022659663168692e+00
2.328583549325392799e+00
2.199948841624340456e+00
2.078551670453270273e+00
1.964060180365934993e+00
1.856857283905789080e+00
1.756934863797958046e+00
1.663563811383547142e+00
1.575800612557038072e+00
1.493168182321684911e+00
1.415536473660167438e+00
1.342813106985565330e+00
1.274715148556693212e+00
1.210893260655206749e+00
1.151027439965738974e+00
1.094803459421208602e+00
1.041882539100756011e+00
9.920027619366181826e-01
9.450708486448221590e-01
9.011066447404783020e-01
8.599987397820696433e-01
8.214176782942977928e-01
7.849216710086651672e-01
7.502656901708747439e-01
7.174768850720710800e-01
6.867628233748191979e-01
6.581532117189984321e-01
6.314110667704293522e-01
6.061020142246624776e-01
5.819356880935869780e-01
5.588671785225999278e-01
5.371042803400423171e-01
5.168519783489977648e-01
4.980875166205253612e-01
4.805658653578798178e-01
4.639323838129671418e-01
4.480068422018678165e-01
4.327387050892517739e-01
4.182464127279465482e-01
4.046679106070749654e-01
3.920156550606411772e-01
3.802131830671960366e-01
3.690778821652232478e-01
3.584612290736193807e-01
3.482909801287425999e-01
3.385397373497822104e-01
3.292530408396643349e-01
3.204729429412678243e-01
3.121922529985501904e-01
3.043869020460341912e-01
2.969905213060391458e-01
2.899193564149399882e-01
2.831261349222131130e-01
2.765748949952607783e-01
2.702435970265229526e-01
2.641345132659131401e-01
2.582504012113644998e-01
2.525819701957221497e-01
2.471266821714683537e-01
2.418788611111267473e-01
2.368196280538952814e-01
2.319324852840727591e-01
2.272078260518496096e-01
2.226373997092022661e-01
2.182137838338367164e-01
2.139301691970383335e-01
2.097806774843460620e-01
2.159050224667951046e-01
2.353079442930381404e-01
2.472773291655988026e-01
2.529419322578938534e-01
2.587614463602630477e-01
2.647401884018653617e-01
2.708825795862943586e-01
2.771931495808258594e-01
2.836765371806767022e-01
2.903374884145543122e-01
2.971809622960851494e-01
3.042131799837548556e-01
3.114412951808061547e-01
3.188726994938222425e-01
3.265150194013806684e-01
3.343761274591525168e-01
3.424641554099945862e-01
3.507874543092050490e-01
3.593544164333617452e-01
3.681721669408505315e-01
3.772434460265571832e-01
3.865701912623065728e-01
3.961543872636483221e-01
4.059980483610205471e-01
4.161032032833519301e-01
4.264718818488789642e-01
4.371061421630441091e-01
4.480085241440195931e-01
4.591829120926048668e-01
4.706341771654264372e-01
4.823672916203864403e-01
4.943873024289597851e-01
5.066993386336230420e-01
5.193086210320928542e-01
5.322204742925393806e-01
5.454403371229775699e-01
5.589748176235236343e-01
5.728350282766806467e-01
5.870333264111824434e-01
6.015822680468907446e-01
6.164945939545555254e-01
6.317832211960370259e-01
6.474612398294677940e-01
6.635419146075988150e-01
6.800385247462388261e-01
6.969618359487860237e-01
7.143215970716817464e-01
7.321283488864553934e-01
7.503930223684974754e-01
7.691269507607270128e-01
7.883418834547712972e-01
8.080499990219333073e-01
8.282639169684745672e-01
8.489963720344240183e-01
8.702595973203718360e-01
8.920653371116146202e-01
9.144240732670445571e-01
9.373463243319498650e-01
9.608428425052301103e-01
9.849246233702773079e-01
1.009602922013697723e+00
1.034889140948207942e+00
1.060793471607836214e+00
1.087325237127051647e+00
1.114493780671349521e+00
1.142310159299423589e+00
1.170786924030984943e+00
1.199936706532734876e+00
1.229772145676081507e+00
1.260305873287806744e+00
1.291551124671664663e+00
1.323522296757825067e+00
1.356234044653163329e+00
1.389701176738604049e+00
1.423938258939627000e+00
1.458957400711843988e+00
1.494769622174304535e+00
1.531385783690683455e+00
1.568818116815611230e+00
1.607087160051966279e+00
1.646216448143749789e+00
1.686229750984735709e+00
1.727151045765026538e+00
1.769004501082536374e+00
1.811815301619133400e+00
1.855611832179445253e+00
1.900422644657272508e+00
1.946256794041177685e+00
1.993104642799681914e+00
2.040954553250485137e+00
2.089793372139685523e+00
2.139606267160569786e+00
2.190376546223134380e+00
2.242085444197521760e+00
2.294710777375025490e+00
2.348244810297889007e+00
2.402723482163990010e+00
2.458189826903810271e+00
2.514687983687845296e+00
2.572263415523947661e+00
2.630963187254944824e+00
2.690836284804988043e+00
2.751933963889832135e+00
2.814302642956074685e+00
2.877945304695928908e+00
2.942847468193836580e+00
3.008991820795050121e+00
3.076357733124921445e+00
3.144920930120679525e+00
3.214653137550103956e+00
3.285521696223538513e+00
3.357490311826388574e+00
3.430540846408079325e+00
3.504673656630941103e+00
3.579888143641344556e+00
3.656181296909188472e+00
3.733549268340495164e+00
3.811987701028453301e+00
3.891491912733010761e+00
3.972057069535590568e+00
4.053673570015717154e+00
4.136321339042792644e+00
4.219977532759657812e+00
4.304617712302476917e+00
4.390216595140908673e+00
4.476748853839572106e+00
4.564188199111326227e+00
4.652507398849737186e+00
4.741679514522344263e+00
4.831682369241979025e+00
4.922495833330232884e+00
5.014100722892197659e+00
5.106479111536120996e+00
5.199614654970114103e+00
5.293492670289844604e+00
5.388100091230957567e+00
5.483426621200839790e+00
5.579469249435417666e+00
5.676231882309766164e+00
5.773723228512705141e+00
5.871957107863977399e+00
5.970952780146092209e+00
6.070735241645157210e+00
6.171335485265096565e+00
6.272790427489669973e+00
6.375139579343069407e+00
6.478424490313173578e+00
6.582692606830716997e+00
6.687997659456446087e+00
6.794399738124083044e+00
6.901965329100279156e+00
7.010767314352047030e+00
7.120884930221514253e+00
7.232397875714546842e+00
7.345375852776755643e+00
7.459893279838442304e+00
7.576030236514134764e+00
7.693871523663833756e+00
7.813506622379611244e+00
7.935029640741062984e+00
8.058539249244736524e+00
8.184136874190309996e+00
8.311917753712775081e+00
8.441976353265314259e+00
8.574409283105030255e+00
8.709310390430189841e+00
8.846772512680837863e+00
8.986890335031285204e+00
9.129760433205415637e+00
9.275481499022660614e+00
9.424157017840233408e+00
9.575894499325215747e+00
9.730803498505400384e+00
9.888995580593809009e+00
1.005058458287474998e+01
1.021569280619642406e+01
1.038445191315114613e+01
1.055699681667460332e+01
1.073346551084477518e+01
1.091399934767661328e+01
1.109874305968497410e+01
1.128784477036281331e+01
1.148145600337794292e+01
1.167973168574082976e+01
1.188283012183356568e+01
1.209090772846843542e+01
1.230410966275611351e+01
1.252257485010475868e+01
1.274644415670215558e+01
1.297586180431726355e+01
1.321097559264916299e+01
1.345193711476483323e+01
1.369890196672780647e+01
1.395202994701811861e+01
1.421148765579287243e+01
1.447746042272959421e+01
1.475015479184875389e+01
1.502978561322986195e+01
1.531657177821695903e+01
1.561073628104764666e+01
1.591250630984139391e+01
1.622211335306706204e+01
1.653979500581404594e+01
1.686580982060961631e+01
1.720042941262097358e+01
1.754392820044574108e+01
1.789657233475227116e+01
1.825862241716830781e+01
1.863034215102157276e+01
1.901199869399587072e+01
1.940386317268155736e+01
1.980621933463515916e+01
2.021936317117108217e+01
2.064359436127484315e+01
2.107921607529535279e+01
2.152653524224067283e+01
2.198586911508938257e+01
2.245755103752483706e+01
2.294192007171263725e+01
2.343931520783816680e+01
2.395007320862738709e+01
2.447453717662098427e+01
2.501305758566362059e+01
2.556599241034642844e+01
2.613370725801694761e+01
2.671657552464885654e+01
2.731497671877653133e+01
2.792928556632213244e+01
2.855987360792603980e+01
2.920712052099772293e+01
2.987141621884576992e+01
3.055316114269924199e+01
3.125276652703717417e+01
3.197065465408673646e+01
3.270725910206576259e+01
3.346302479981960687e+01
3.423840727589521293e+01
3.503387826391092119e+01
3.584992585694425316e+01
3.668704973964293004e+01
3.754576123064922655e+01
3.842658360785330984e+01
3.933005247029441875e+01
4.025671543099967664e+01
4.120712467172744198e+01
4.218184167475858715e+01
4.318144316779911662e+01
4.420651993320308293e+01
4.525767410778414046e+01
4.633552340904785183e+01
4.744070237305599846e+01
4.857386256363582078e+01
4.973565695555478072e+01
5.092674119860077298e+01
5.214779110539108586e+01
5.339950429370909291e+01
5.468260054217492439e+01
5.599782226772215665e+01
5.734593680639164859e+01
5.872773697400027970e+01
6.014401512143458461e+01
6.159554526510661532e+01
6.308312454854945628e+01
6.460758043294100617e+01
6.616977178504565416e+01
6.777058982692163625e+01
6.941095917000083659e+01
7.109183984266165623e+01
7.281422170536046679e+01
7.457910902834007061e+01
7.638754101855730028e+01
7.824059947388428782e+01
8.013941083672924037e+01
8.208514781604431221e+01
8.407903095696914875e+01
8.612232941644103335e+01
8.821636239621244613e+01
9.036251298427093559e+01
9.256221908193201386e+01
9.481696688522295347e+01
9.712829056958904062e+01
9.949777296442370300e+01
1.019270461380479702e+02
1.044177912203673344e+02
1.069717334675871712e+02
1.095906504872622236e+02
1.122763733559301613e+02
1.150307799267557982e+02
1.178557923896738373e+02
1.207533783581081934e+02
1.237255526113856661e+02
1.267743793288125431e+02
1.299019700488823901e+02
1.331104866929329091e+02
1.364021541545741911e+02
1.397792671193277272e+02
1.432441941156818643e+02
1.467993870340656315e+02
1.504473921053189542e+02
1.541908619119746504e+02
1.580325575045503399e+02
1.619753472343951728e+02
1.660222482779468578e+02
1.701764669043013782e+02
1.744414078901677385e+02
1.788206998196340294e+02
1.833182251594766683e+02
1.879381530481876723e+02
1.926849498266149112e+02
1.975632892316072002e+02
2.025781328512359494e+02
2.077349077072547914e+02
2.130394818136807089e+02
2.184981469185219112e+02
2.241176220680212907e+02
2.299050411814594383e+02
2.358679181628821482e+02
2.420138987323721835e+02
2.483503783358270596e+02
2.548847668290152910e+02
2.616246774840408875e+02
2.685775670185884678e+02
2.757505613393012709e+02
2.831503213091170892e+02
2.907829372936462846e+02
2.986538912851284522e+02
3.067679334471390007e+02
3.151286548885382786e+02
3.237383916181747736e+02
3.325988870589570183e+02
3.417115030044488435e+02
3.510769136691234280e+02
3.606955688268554923e+02
3.705682134203667601e+02
3.806959070079399794e+02
3.910800659252747096e+02
4.017222861544976240e+02
4.126243016418590059e+02
4.237881939702625687e+02
4.352165208801191625e+02
4.469132804912169377e+02
4.588837179821526320e+02
4.711333787296250080e+02
4.836684787813827029e+02
4.964952149512912456e+02
5.096193842242873302e+02
5.230473208988157694e+02
5.367859947080211214e+02
5.508427319421458606e+02
5.652254970691404878e+02
5.799429215289507056e+02
5.950032104355308320e+02
6.104131135420723240e+02
6.261795510208514770e+02
6.423109977590191875e+02
6.588187911904179828e+02
6.757158676524345537e+02
6.930137513940765075e+02
7.107239652548543063e+02
7.288589437711781329e+02
7.474309929237116421e+02
7.664513658238769267e+02
7.859294430994733602e+02
8.058748632416089777e+02
8.262990263887629681e+02
8.472132291578452623e+02
8.686290861422836542e+02
8.905589609795982824e+02
9.130126517206616654e+02
9.359980746568479617e+02
9.595259780903828641e+02
9.836183266469623732e+02
1.008306381636672540e+03
1.033614897355170797e+03
1.059555532492162001e+03
1.086131546493094220e+03
1.113350602393306190e+03
1.141229994872477846e+03
1.169792554621835961e+03
1.199060567727207626e+03
1.229044267652103599e+03
1.259737169139894831e+03
1.291137305853682847e+03
1.323271946158460878e+03
1.356200601016648989e+03
1.389976335651209411e+03
1.424617890159885746e+03
1.460121476853297054e+03
1.496487738174205106e+03
1.533737823068136777e+03
1.571902314808547771e+03
1.611011389075554462e+03
1.651083235885407248e+03
1.692121577532750734e+03
1.734133647775037389e+03
1.777148583608871377e+03
1.821215277558735579e+03
1.866378366917740095e+03
1.912666620933155627e+03
1.960105273711230211e+03
2.008721094388899246e+03
2.058540399162752692e+03
2.109585379406702486e+03
2.161881217100437880e+03
2.215459217901391639e+03
2.270353222103015469e+03
2.326596782157581401e+03
2.384215392260165117e+03
2.443226975425707224e+03
2.503657195468804275e+03
2.565561773207460192e+03
2.629017128675408912e+03
2.694081376301300679e+03
2.760777075517034518e+03
2.829113493149895021e+03
2.899118257362315944e+03
2.970838277982439195e+03
3.044324920264912635e+03
3.119624813127816651e+03
3.196780718088760295e+03
3.275835851730863851e+03
3.356836491929706881e+03
3.439831307703107086e+03
3.524870173868581787e+03
3.612003583742647152e+03
3.701282939499000349e+03
3.792760909430603988e+03
3.886491638340206009e+03
3.982530684366351124e+03
4.080934962502919007e+03
4.181762734633627588e+03
4.285073676017958860e+03
4.390928934955047225e+03
4.499391178609954295e+03
4.610524620007253361e+03
4.724395049340785590e+03
4.841069871027863883e+03
4.960618146530724516e+03
5.083110636975845409e+03
5.208619845202024408e+03
5.337220057762358010e+03
5.468987388340938196e+03
5.603999822748906809e+03
5.742337265241631940e+03
5.884081585863425971e+03
6.029316668793266217e+03
6.178128461851089924e+03
6.330605027249630439e+03
6.486836593639591229e+03
6.646915609438487991e+03
6.810936797462180039e+03
6.978997210881014325e+03
7.151196290558837063e+03
7.327635923801153695e+03
7.508420504552397688e+03
7.693656995071968595e+03
7.883454989123380074e+03
8.077926776721709757e+03
8.277187410470702162e+03
8.481354773527578800e+03
8.690549649243259410e+03
8.904895792515808353e+03
9.124520002894689242e+03
9.349552199484553057e+03
9.580125497691615237e+03
9.816376287853296162e+03
1.005844431580722630e+04
1.030647276543968655e+04
1.056060834325840369e+04
1.082100136505197406e+04
1.108780584467698463e+04
1.136117958502955480e+04
1.164128427125436610e+04
1.192828556624082739e+04
1.222235320847547337e+04
1.252366111229891612e+04
1.283238747062004222e+04
1.314871486016425115e+04
1.347283034931052316e+04
1.380492560857378521e+04
1.414519702380994568e+04
1.449384581220244399e+04
1.485107814109775973e+04
1.521710524977141722e+04
1.559214357418405416e+04
1.597641487479897842e+04
1.637014636755340325e+04
1.677357085804386952e+04
1.718692687901411045e+04
1.761045883122457963e+04
1.804441712777730572e+04
1.848905834200551908e+04
1.894464535899127441e+04
1.941144753080136434e+04
1.988974083555447942e+04
2.037980804039232316e+04
2.088193886845778616e+04
2.139643016998646999e+04
2.192358609759568571e+04
2.246371828588442077e+04
2.301714603546041326e+04
2.358419650148913934e+04
2.416520488686129829e+04
2.476051464013816440e+04
2.537047765834252641e+04
2.599545449474910492e+04
2.663581457178013079e+04
2.729193639912752769e+04
2.796420779725763714e+04
2.865302612640142252e+04
2.935879852116292022e+04
3.008194213091735946e+04
3.082288436611216093e+04
3.158206315061842542e+04
3.235992718030064134e+04
3.315693618793135829e+04
3.397356121462026204e+04
3.481028488793077850e+04
3.566760170683110482e+04
3.654601833363128389e+04
3.744605389312520856e+04
3.836824028043974249e+04
3.931312277203719714e+04
4.028126075846388267e+04
4.127322724136214674e+04
4.228960865817980812e+04
4.333100578146831685e+04
4.439803416417104017e+04
4.549132450322582008e+04
4.661152301209641882e+04
4.775929180246841861e+04
4.893530927533334034e+04
5.014027052169253875e+04
5.137488773310503166e+04
5.263989062236298196e+04
5.393602685449802811e+04
5.526406248836190207e+04
5.662478242912213318e+04
5.801899089183875185e+04
5.944751187647617189e+04
6.091118965458915773e+04
6.241088926795228326e+04
6.394749703950465482e+04
6.552192109684117895e+04
6.713509190854030021e+04
6.878796283374517225e+04
7.048151068522244168e+04
7.221673630628557294e+04
7.399466516190944822e+04
7.581634794436965603e+04
7.768286119378995500e+04
7.959530793394953071e+04
8.155481832375407976e+04
8.356255032466203556e+04
8.561969038459996227e+04
8.772745413866532908e+04
8.988708712706432561e+04
9.209986553071600792e+04
9.436709692492386966e+04
9.669012105163655360e+04
9.907031061067829432e+04
1.015090720703740226e+05
1.040078464982398000e+05
1.065681104119987140e+05
1.091913766515661846e+05
1.118791952725019364e+05
1.146331544614013692e+05
1.174548814738059154e+05
1.203460435952022526e+05
1.233083491256861598e+05
1.263435483887305309e+05
1.294534347648872936e+05
1.326398457508565625e+05
1.359046640446120291e+05
1.392498186572103878e+05
1.426772860519441019e+05
1.461890913115288713e+05
1.497873093340224586e+05
1.534740660580413241e+05
1.572515397182573797e+05
1.611219621316795819e+05
1.650876200156106788e+05
1.691508563380086562e+05
1.733140717010492226e+05
1.775797257587251661e+05
1.819503386693207140e+05
1.864284925836401817e+05
1.910168331697089889e+05
1.957180711751439958e+05
2.005349840278354823e+05
2.054704174760318710e+05
2.105272872687941417e+05
2.157085808776757331e+05
2.210173592608840554e+05
2.264567586707955343e+05
2.320299925057759101e+05
2.377403532077662239e+05
2.435912142063908977e+05
2.495860319109226111e+05
2.557283477512837562e+05
2.620217902691110794e+05
2.684700772604154190e+05
2.750770179708775249e+05
2.818465153450431535e+05
2.887825683309467859e+05
2.958892742413716624e+05
3.031708311732071452e+05
3.106315404862679425e+05
3.182758093431283487e+05
3.261081533113117912e+05
3.341331990296365111e+05
3.423556869401233853e+05
3.507804740868549561e+05
3.594125369839298655e+05
3.682569745538767311e+05
3.773190111383161275e+05
3.866039995826560771e+05
3.961174243965931237e+05
4.058649049925144063e+05
4.158521990035062190e+05
4.260852056826953194e+05
4.365699693865119480e+05
4.473126831435463391e+05
4.583196923110489734e+05
4.695974983214575914e+05
4.811527625211394625e+05
4.929923101032424020e+05
5.051231341376446071e+05
5.175523996999365045e+05
5.302874481015581405e+05
5.433358012244934216e+05
5.567051659622535808e+05
5.704034387701968662e+05
5.844387103277761489e+05
5.988192703151786700e+05
6.135536123078730889e+05
6.286504387913722312e+05
6.441186662990069017e+05
6.599674306764318608e+05
6.762060924755159067e+05
6.928442424807798816e+05
7.098917073718463071e+05
7.273585555251670303e+05
7.452551029581114417e+05
7.635919194198392797e+05
7.823798346316075185e+05
8.016243697554541286e+05
