1.633856920982942075e-06
1.736982036381177433e-06
1.846616160793189810e-06
1.963170127197714702e-06
2.087080699362034448e-06
2.218812208530935567e-06
2.358858293419515291e-06
2.507743750030140641e-06
2.666026498225418926e-06
2.834299672426527030e-06
3.013136776337422773e-06
3.203319333764686557e-06
3.405506344705508967e-06
3.620455076397580736e-06
3.848970797270100768e-06
4.091909685252826663e-06
4.350182022883717610e-06
4.624755561547629048e-06
4.916659146933623121e-06
5.226986571156855027e-06
5.556900661338929929e-06
5.907637632372769160e-06
6.280511716609701925e-06
6.676920091138858037e-06
7.098348111658140373e-06
7.546374872055927660e-06
8.022679118075701162e-06
8.529045535314403066e-06
9.067371435071008924e-06
9.639673859641510086e-06
1.024809713598008368e-05
1.089492090506544388e-05
1.158256865726392868e-05
1.231361680616132793e-05
1.309080433406933636e-05
1.391704304522567254e-05
1.479542846482606270e-05
1.572925142446356619e-05
1.672201037707654128e-05
1.777742448708509614e-05
1.889944754431899381e-05
2.009228275332869908e-05
2.136039845287541911e-05
2.270854482373116392e-05
2.414177164652693718e-05
2.566544717520273953e-05
2.728527819565432881e-05
2.900733134298765954e-05
3.083805575576363842e-05
3.278430715032804949e-05
3.485337340308824821e-05
3.705300173411164627e-05
3.939142759065438783e-05
4.187740533534637494e-05
4.452024084992478939e-05
4.732982617183876650e-05
5.031667628792535024e-05
5.349196821654909710e-05
5.686758251711643481e-05
6.045614737203946316e-05
6.427108538708768139e-05
6.832666327214224292e-05
7.263804459726058173e-05
7.722134577756464651e-05
8.209369548095998761e-05
8.727329765604242200e-05
9.277949841212275851e-05
9.863285706851660818e-05
1.048552214687923051e-04
1.114698077010283335e-04
1.185012847101503896e-04
1.259758639524883120e-04
1.339213941386732307e-04
1.423674608451458044e-04
1.513454926538586212e-04
1.608888734785939880e-04
1.710330608098470807e-04
1.818157111535688333e-04
1.932768147316589664e-04
2.054588361907321590e-04
2.184068608098378619e-04
2.321687506413767108e-04
2.467953065540382418e-04
2.623404317175668729e-04
2.788613099537484707e-04
2.964185955717527294e-04
3.150766069360926556e-04
3.349035369590718804e-04
3.559716836220887443e-04
3.783576620904165731e-04
4.021426340906544133e-04
4.274125414986300136e-04
4.542583183185760608e-04
4.827761272332135758e-04
5.130676237872296326e-04
5.452401974679567040e-04
5.794072422908752877e-04
6.156884452342233820e-04
6.542099854651789665e-04
6.951047605329754549e-04
7.385125643035047281e-04
7.845801923946105509e-04
8.334616284530311191e-04
8.853181481853649760e-04
9.403183769265291512e-04
9.986383330427091223e-04
1.060461283696533669e-03
1.125977521506839243e-03
1.195384047246674962e-03
1.268884096347690097e-03
1.346686484033697822e-03
1.429004727720878561e-03
1.516055801441656406e-03
1.608058474849826443e-03
1.705231712535508221e-03
1.807792605290854671e-03
1.915954345315539495e-03
2.029923678552659691e-03
2.149896565949942825e-03
2.276053481045508652e-03
2.408552395008923576e-03
2.547523096302778574e-03
2.693061925656355018e-03
2.845226303723585089e-03
3.004030504311575988e-03
3.169432844306622685e-03
3.341323465531144659e-03
3.519505441206989375e-03
3.703683833599972185e-03
3.893461047783332817e-03
4.088335120387213452e-03
4.287702286483095933e-03
4.490833982689589055e-03
4.696856705971435945e-03
4.904718403763865843e-03
5.113205506243573978e-03
5.320963370423367061e-03
5.526543469893349138e-03
5.728408650938928565e-03
5.924916308239223765e-03
6.114298867004737750e-03
6.294684297455282670e-03
6.464191914191271503e-03
6.621021252751889234e-03
6.763531822754347000e-03
6.890212349383736078e-03
6.999682158118188807e-03
7.090686842598421281e-03
7.162220966750088361e-03
7.213593083998756650e-03
7.244488533607330513e-03
7.254905882817379824e-03
7.245134923303584926e-03
7.215724639133051788e-03
7.167489241910763968e-03
7.101464807406493267e-03
7.018844119426638495e-03
6.920971675304487397e-03
6.809365214441662727e-03
6.685761818018657286e-03
6.551950152484505886e-03
6.409595342592119306e-03
6.260054904553522502e-03
6.104558877118878776e-03
5.944426217774976921e-03
5.781264981483046246e-03
5.616697842378968152e-03
5.451960603349785550e-03
5.287684672081028811e-03
5.124114854400110483e-03
4.961650834542894600e-03
4.801095084763158313e-03
4.643614131597375259e-03
4.490017148644555658e-03
4.340567193482484411e-03
4.194872605137036498e-03
4.052650400080143149e-03
3.913910103477652273e-03
3.779168793685980937e-03
3.648939886189599049e-03
3.523419566234683130e-03
3.402366956802250694e-03
3.285304264805580417e-03
3.171937822458931362e-03
3.062199744254206699e-03
2.956305629788505418e-03
2.854387925003826904e-03
2.756475603286216974e-03
2.662410824345845962e-03
2.571959466459401451e-03
2.484974593590224320e-03
2.401417233593207586e-03
2.321357827834229139e-03
2.244811949369567971e-03
2.171740702673393125e-03
2.102029659726464914e-03
2.035523475556365140e-03
1.972039131766452433e-03
1.911394677905557497e-03
1.853429889625591480e-03
1.797993512841270869e-03
1.744953145447719449e-03
1.694221874897972524e-03
1.645741029563012455e-03
1.599426081319150995e-03
1.555148038687576050e-03
1.512683654470026694e-03
1.471796753907611728e-03
1.432322233548515575e-03
1.394153282478626833e-03
1.357289937945134993e-03
1.321769664671291295e-03
1.287582022350832779e-03
1.254677843950559226e-03
1.222930467379760005e-03
1.192212831905962089e-03
1.162443284473318799e-03
1.133578875085729460e-03
1.105719784230289882e-03
1.079041845593931882e-03
1.053632969079899319e-03
1.029519624239393256e-03
1.006573744423083479e-03
9.845662833449441657e-04
9.633623862157462839e-04
9.428658000353199809e-04
9.230952975754621800e-04
9.042103037759978640e-04
8.863168532288693419e-04
8.694627064720798293e-04
8.536420220094999593e-04
8.387411441905330469e-04
8.246298165725542660e-04
8.112536944362428370e-04
7.985761694004618171e-04
7.866185693556640652e-04
7.754911266675295527e-04
7.652909855726983904e-04
7.560400005899583446e-04
7.477124605765895484e-04
7.402643693054971252e-04
7.336175266267298475e-04
7.276887338196767795e-04
7.224336725541874449e-04
7.178156058955475040e-04
7.138001057228226436e-04
7.103553876991358955e-04
7.074695633601024497e-04
7.051465861347266115e-04
7.033746630909998515e-04
7.021369953405528315e-04
7.014167385890649701e-04
7.012008096204102323e-04
7.015468620798740070e-04
7.026167319838464570e-04
7.045427228500437695e-04
7.073970593936038760e-04
7.112587310292680298e-04
7.162119945375314484e-04
7.223467195180977843e-04
7.297223249815904976e-04
7.382718982536889659e-04
7.478789172885585848e-04
7.585251899947539986e-04
7.702167110001197818e-04
7.829647459173926655e-04
7.967858009694737389e-04
8.116925398456379531e-04
8.275970269692681930e-04
8.442949044427497428e-04
8.616309719160403268e-04
8.795000307679521701e-04
8.977881074522077801e-04
9.163700908588987568e-04
9.351092936872907897e-04
9.539762878638500957e-04
9.732393005760455905e-04
9.932201475623631069e-04
1.014042107887285849e-03
1.035812231123988758e-03
1.058648585536815573e-03
1.082681812980613219e-03
1.108052693519179146e-03
1.134886092055419592e-03
1.163298524148392550e-03
1.193444363271912436e-03
1.225509575371778927e-03
1.259703181542684352e-03
1.296260911855311128e-03
1.335448594527345470e-03
1.377528254502236168e-03
1.422728714468945435e-03
1.471323737463964536e-03
1.523678098460964957e-03
1.580213898259701880e-03
1.641417697208070190e-03
1.707853291205495977e-03
1.780100893184479458e-03
1.858463841517073124e-03
1.943118849101870818e-03
2.034546545621796366e-03
2.133376394621725684e-03
2.240316694458749629e-03
2.356166346982966481e-03
2.481824435357422518e-03
2.618229214208787122e-03
2.766336620774332428e-03
2.927256805220950289e-03
3.102298999346482598e-03
3.292934316153661375e-03
3.500813941518547776e-03
3.727797094719875314e-03
3.978010685944205656e-03
4.263001642731110291e-03
4.599402665752806880e-03
5.005052547663060153e-03
5.505058161676507425e-03
6.137821814317093692e-03
6.965246070809359702e-03
8.091695281846682589e-03
9.685294518925639112e-03
1.205034133167226691e-02
1.588568455052910208e-02
2.316369184633002357e-02
4.224043788919219777e-02
2.231397473221757577e-01
-6.953126488142535866e-02
-3.053800434662894830e-02
-1.990235533944999594e-02
-1.500613305239403318e-02
-1.221260591808180640e-02
-1.042223629102849089e-02
-9.189662712473864112e-03
-8.300424285856757359e-03
-7.635631218888130206e-03
-7.116196242213632811e-03
-6.693669617827005015e-03
-6.343966572536333809e-03
-6.051759779145067346e-03
-5.805911978567265819e-03
-5.598167091398675334e-03
-5.422134671367772468e-03
-5.271070000217714831e-03
-5.138638946026120348e-03
-5.021332885223053592e-03
-4.917292462485022692e-03
-4.825010222005868786e-03
-4.743241895372920375e-03
-4.670903592529207678e-03
-4.604288359242113271e-03
-4.535748222057811412e-03
-4.460487483266504030e-03
-4.378250092562796167e-03
-4.289233362679519164e-03
-4.193705573032562202e-03
-4.091931432377869660e-03
-3.985470998954331219e-03
-3.880484705282440105e-03
-3.782358868168539216e-03
-3.691667470147841704e-03
-3.607722681073406712e-03
-3.529277951631858753e-03
-3.455278642488112621e-03
-3.385237758620382367e-03
-3.321027161782800531e-03
-3.267163030622152829e-03
-3.227499562901862701e-03
-3.202256464352060388e-03
-3.183301317020963660e-03
-3.159840709538302376e-03
-3.125973728731712767e-03
-3.084630393326721551e-03
-3.043292222920612917e-03
-2.978786512641204854e-03
-2.841778649620200180e-03
-2.631334987068667617e-03
-2.412585493714616142e-03
-2.227186200645550011e-03
-2.048696152101580920e-03
-1.847009200758333502e-03
-1.640542093502002840e-03
-1.462532322028567986e-03
-1.319214883547533941e-03
-1.196941517807342120e-03
-1.084874036044113218e-03
-9.820380851960765038e-04
-8.917448188031325881e-04
-8.151725824964619477e-04
-7.514342165799541007e-04
-6.988788710839468352e-04
-6.549273262997162229e-04
-6.173080854347821932e-04
-5.847570491619292869e-04
-5.564015304980788300e-04
-5.314066411638022815e-04
-5.091037680386061373e-04
-4.890844916567868789e-04
-4.710347987037380251e-04
-4.546925600377224445e-04
-4.398299636518787051e-04
-4.258825354604514092e-04
-4.120651537898353377e-04
-3.980845122607659702e-04
-3.840389903876271723e-04
-3.700452732096400229e-04
-3.562229778271444559e-04
-3.428573788294989803e-04
-3.303697401684111074e-04
-3.189008523967965382e-04
-3.083399668502382479e-04
-2.985784970970573916e-04
-2.895242271324303105e-04
-2.811094447350732397e-04
-2.733094043582497460e-04
-2.660931563794779043e-04
-2.593984195733684385e-04
-2.531652689852211067e-04
-2.473429187763328510e-04
-2.418830821352537322e-04
-2.366760718550582621e-04
-2.315890623713613391e-04
-2.265753511874712934e-04
-2.216400230031801159e-04
-2.167872136544350150e-04
-2.120226874436844668e-04
-2.073605675812038992e-04
-2.028285575586380159e-04
-1.984440392743060696e-04
-1.942054242708944601e-04
-1.901083659295017369e-04
-1.861485723397951801e-04
-1.823221209228733655e-04
-1.786293439094752524e-04
-1.750727144934651185e-04
-1.716495804111136032e-04
-1.683532058903635883e-04
-1.651765931181552898e-04
-1.621133127772762719e-04
-1.591588521662932424e-04
-1.563150582328958513e-04
-1.535828321486645452e-04
-1.509564578693624293e-04
-1.484289309392158342e-04
-1.459938010934344230e-04
-1.436451141648889659e-04
-1.413766561421153547e-04
-1.391811796536947742e-04
-1.370527655385122222e-04
-1.349875807780484701e-04
-1.329822138308187421e-04
-1.310332735318265468e-04
-1.291375355556916796e-04
-1.272885111877061835e-04
-1.254755942246621795e-04
-1.236931534135197314e-04
-1.219413246197327365e-04
-1.202205921826784881e-04
-1.185313287277421374e-04
-1.168739814060495980e-04
-1.152531616118942121e-04
-1.136762601730356497e-04
-1.121449682456046538e-04
-1.106564500379526698e-04
-1.092079003792656921e-04
-1.077967284320480070e-04
-1.064206301517216165e-04
-1.050788840657348566e-04
-1.037715423632094988e-04
-1.024970542804927573e-04
-1.012528909059608060e-04
-1.000366640328387004e-04
-9.884613720928230192e-05
-9.768009883236777251e-05
-9.654529071311691434e-05
-9.545084355434463774e-05
-9.439797523206064562e-05
-9.338431341604303611e-05
-9.240816040322841966e-05
-9.146868318353541826e-05
-9.056330636460602722e-05
-8.967941676168669123e-05
-8.880546023738622083e-05
-8.794043029006169405e-05
-8.708638343694171584e-05
-8.624613978599954863e-05
-8.542031112995605987e-05
-8.459127186630887435e-05
-8.373232479521899006e-05
-8.282902227889932267e-05
-8.187201180298653085e-05
-8.084931009055357437e-05
-7.975853585039738367e-05
-7.861461627324798534e-05
-7.742726059205959810e-05
-7.619183818581458172e-05
-7.488134844058586339e-05
-7.344495847984507683e-05
-7.181959847887473252e-05
-7.000420622151710612e-05
-6.809292469476818253e-05
-6.617991036475308223e-05
-6.432640249898916929e-05
-6.260607450079443939e-05
-6.105205651649238418e-05
-5.963726467636509246e-05
-5.833009537831731708e-05
-5.710739823468113978e-05
-5.593491072708678619e-05
-5.477759905298541359e-05
-5.362853059025538227e-05
-5.249532092623788689e-05
-5.138287416908378298e-05
-5.029867079594383452e-05
-4.925443765732112318e-05
-4.825494819414386384e-05
-4.729807179338426667e-05
-4.638147232181950901e-05
-4.550326420451208346e-05
-4.466323928977067895e-05
-4.386108689501104241e-05
-4.309448540374967684e-05
-4.236058364623620696e-05
-4.165688256766783554e-05
-4.098113838241921122e-05
-4.033084146162947562e-05
-3.970362936991442943e-05
-3.909772017823635035e-05
-3.851159242949636749e-05
-3.794387934880343472e-05
-3.739295736553899452e-05
-3.685624840653882906e-05
-3.633171444583964215e-05
-3.581875661544764406e-05
-3.531718834938143460e-05
-3.482684394533589226e-05
-3.434767396427454097e-05
-3.388003410857520450e-05
-3.342411065191611407e-05
-3.297958658234075539e-05
-3.254605028308604769e-05
-3.212314123829420318e-05
-3.171063560569796318e-05
-3.130872833264271044e-05
-3.091754947440488230e-05
-3.053667085794401214e-05
-3.016547843809508727e-05
-2.980340806142419186e-05
-2.944992940410644263e-05
-2.910413005826498084e-05
-2.876473439000910273e-05
-2.843106173354311878e-05
-2.810301333389374437e-05
-2.778052889016060487e-05
-2.746354872249357463e-05
-2.715195562708617237e-05
-2.684544170968283230e-05
-2.654377731784087551e-05
-2.624698041985441466e-05
-2.595512322053843243e-05
-2.566826532937885525e-05
-2.538645849124806741e-05
-2.511005222818040391e-05
-2.483978188836906000e-05
-2.457593583181845204e-05
-2.431826521252101184e-05
-2.406648617665478498e-05
-2.382032813751816682e-05
-2.357954388501594200e-05
-2.334409496489518908e-05
-2.311406153289679202e-05
-2.288928499083627937e-05
-2.266944089573556253e-05
-2.245421926313533997e-05
-2.224332946684030505e-05
-2.203651949651148957e-05
-2.183380567840386078e-05
-2.163530513912231525e-05
-2.144085193459817584e-05
-2.125012755725418946e-05
-2.106283425369068825e-05
-2.087869808768426968e-05
-2.069746769568203671e-05
-2.051891941514181786e-05
-2.034284954192044646e-05
-2.016906308820070581e-05
-1.999738006349295407e-05
-1.982764107290131889e-05
-1.965970873497609845e-05
-1.949361376279833762e-05
-1.932996351449098519e-05
-1.916933899964920259e-05
-1.901186357293994529e-05
-1.885765034853173402e-05
-1.870696965503489557e-05
-1.856035620678590507e-05
-1.841923465373996883e-05
-1.828584657177828772e-05
-1.816288629962003971e-05
-1.805434648690594615e-05
-1.796712960649285833e-05
-1.791338203942439744e-05
-1.791423457187784683e-05
-1.801053392100230847e-05
-1.829955816054006730e-05
-1.916665178389864512e-05
-2.568087009026760118e-05
6.470821174811912308e-06
6.668995906079150176e-05
-1.476498168332054939e-01
4.815766378381597726e-03
2.496992654981566341e-03
1.741807205953377780e-03
1.368260831757838001e-03
1.146217212782706107e-03
9.999214033938716613e-04
8.971235690967314328e-04
8.218158358324346687e-04
7.650929312806424316e-04
7.215190424793051227e-04
6.876900933314445937e-04
6.615109854389308961e-04
6.415360165402200993e-04
6.265554635898697199e-04
6.156226163951951076e-04
6.081664364563867022e-04
6.038371605406406490e-04
6.022551851554807907e-04
6.030005197350941752e-04
6.057890923259717612e-04
6.105040165719226482e-04
6.170272536906928288e-04
6.251609156850898574e-04
6.347295608273510314e-04
6.456511991164504485e-04
6.578820598198038827e-04
6.713506831854307820e-04
6.859696144178299053e-04
7.016796791754212814e-04
7.184535610392998439e-04
7.362665817070403532e-04
7.550867385840924050e-04
7.748871151210974789e-04
7.956521981510047102e-04
8.173735585540354166e-04
8.400457561777484403e-04
8.636661231312584659e-04
8.882345767719569164e-04
9.137524178607774354e-04
9.402244341910573778e-04
9.676610003397522917e-04
9.960756111126859748e-04
1.025481619183637267e-03
1.055892310064571356e-03
1.087323893510097573e-03
1.119797168929495242e-03
1.153335053380925455e-03
1.187960445078421008e-03
1.223696594398235304e-03
1.260568234426900523e-03
1.298602846177149012e-03
1.337830848399897783e-03
1.378284638813533341e-03
1.419997117998127428e-03
1.463000652391090476e-03
1.507328860157460503e-03
1.553019516626969170e-03
1.600114186597228691e-03
1.648655350239950279e-03
1.698684262019363239e-03
1.750242915222404317e-03
1.803377454188009356e-03
1.858138292586333480e-03
1.914577865292419953e-03
1.972748347228891336e-03
2.032702737678989454e-03
2.094497236583183885e-03
2.158192032151316515e-03
2.223850355096380557e-03
2.291538201545495652e-03
2.361325560761986814e-03
2.433285670261192343e-03
2.507492064696941001e-03
2.584018257491245332e-03
2.662942108371494244e-03
2.744351941721388279e-03
2.828345036915597653e-03
2.915019107181706249e-03
3.004462114619833434e-03
3.096757778222304202e-03
3.192003188216233946e-03
3.290324750354132848e-03
3.391865086673892006e-03
3.496752125950601617e-03
3.605078302974302172e-03
3.716924267979652714e-03
3.832405964811085725e-03
3.951699165866035673e-03
4.075000656124669850e-03
4.202463205906377917e-03
4.334171776189530562e-03
4.470195152898405466e-03
4.610665428027886474e-03
4.755798880689898929e-03
4.905829675626571622e-03
5.060917923668922444e-03
5.221139767334476850e-03
5.386569491809739540e-03
5.557373677780974575e-03
5.733799315472548619e-03
5.916085294578861918e-03
6.104384754559830442e-03
6.298795635526256015e-03
6.499441101978271212e-03
6.706517123680684131e-03
6.920255259609576180e-03
7.140871700633291859e-03
7.368570767025766320e-03
7.603562530573435355e-03
7.846040630834123092e-03
8.096148125899404677e-03
8.354039749473289589e-03
8.620018595913513104e-03
8.894509681506557880e-03
9.177848239670856681e-03
9.470081749121636236e-03
9.771180977337590168e-03
1.008146323865882071e-02
1.040163067021220022e-02
1.073228611888996271e-02
1.107333316018942887e-02
1.142436161418170816e-02
1.178561046436285044e-02
1.215826171530361502e-02
1.254342911780132429e-02
1.294108603706913864e-02
1.335070317215039833e-02
1.377243782902491838e-02
1.420737462913975596e-02
1.465652727313990558e-02
1.511982222531527489e-02
1.559672054825524817e-02
1.608753731714616941e-02
1.659366102526756148e-02
1.711631154664934595e-02
1.765568142737152305e-02
1.821170901898317568e-02
1.878482497174157467e-02
1.937581934201760420e-02
1.998538283402444618e-02
2.061387078075909915e-02
2.126160495484478649e-02
2.192909198356199699e-02
2.261689493132287843e-02
2.332582859456466817e-02
2.405726660300523678e-02
2.481243617810026392e-02
2.559143096892042488e-02
2.639402739718324162e-02
2.722113346292617461e-02
2.807457045103147267e-02
2.895535091601537589e-02
2.986253090546802866e-02
3.079538919981964287e-02
3.175655520049015801e-02
3.274996343248937763e-02
3.377655528413345265e-02
3.483463050591731336e-02
3.592387750456810247e-02
3.704708862857145762e-02
3.820701587936310706e-02
3.940316770633372351e-02
4.063385880560216323e-02
4.190056186342402261e-02
4.320762464370771216e-02
4.455783904658460609e-02
4.595084115266344360e-02
4.738634590359495913e-02
4.886613315227138904e-02
5.039253797844278626e-02
5.196686327315760967e-02
5.358965961774278530e-02
5.526198494549419693e-02
5.698562838751558557e-02
5.876254254443841196e-02
6.059523293550775347e-02
6.248634986406650244e-02
6.443680349886762859e-02
6.644640237248949921e-02
6.851705759935669549e-02
7.065345678121348616e-02
7.285897118655598748e-02
7.513247527197663977e-02
7.747286676328873911e-02
7.988516590894924330e-02
8.237679075311796217e-02
8.494891286276165521e-02
8.759713132220259268e-02
9.032181955204347801e-02
9.313245407129423781e-02
9.603716811014990917e-02
9.903419240939431711e-02
1.021200126680567588e-01
1.052991785932118896e-01
1.085803923860376857e-01
1.119669754835505293e-01
1.154561536677150418e-01
1.190481115006611357e-01
1.227505908953003683e-01
1.265715686748387636e-01
1.305142717540853092e-01
1.345808723083248559e-01
1.387746832254675156e-01
1.430994612588731008e-01
1.475588123993074319e-01
1.521558907205929623e-01
1.568936801640510303e-01
1.617742581837511573e-01
1.668005477587011232e-01
1.719832486523948101e-01
1.773363498403113525e-01
1.828636958301421422e-01
1.885613923430602690e-01
1.944321573352095767e-01
2.004884398064405993e-01
2.067390421632530617e-01
2.131776546852047205e-01
2.197978374006211710e-01
2.266177154393942406e-01
2.336656505738647638e-01
2.409483175556595969e-01
2.484554206072373816e-01
2.561876164251735699e-01
2.641622632209630339e-01
2.723929080668313629e-01
2.808756748281190929e-01
2.896056851062790427e-01
2.985987148593038376e-01
3.078791514782487915e-01
3.174586248757749751e-01
3.273396935263375718e-01
3.375283796100696510e-01
3.480350981329413118e-01
3.588699693932972945e-01
3.700406734053728330e-01
3.815545340168239874e-01
3.934196115456689014e-01
4.056444400827369789e-01
4.182466144317253942e-01
4.312528355295448534e-01
4.446780598231082071e-01
4.585175591154883601e-01
4.727737241320610906e-01
4.874755989509236276e-01
5.026529421408025833e-01
5.183034777446615671e-01
5.344136525606261179e-01
5.510076715761564881e-01
5.681399749079402151e-01
5.858336701975234151e-01
6.040643646127629163e-01
6.228253594888309985e-01
6.421688403541995216e-01
6.621482651783721085e-01
6.827642936026379061e-01
7.040021164250491736e-01
7.258840346153634382e-01
7.484572590492313271e-01
7.717480398632035055e-01
7.957544701104941609e-01
8.204854884315713193e-01
8.459793431114962514e-01
8.722757805405887410e-01
8.994014232303544354e-01
9.273800445569811979e-01
9.562321262215540685e-01
9.859758380129850508e-01
1.016638695564186623e+00
1.048259353647404302e+00
1.080867439083051273e+00
1.114465538627573027e+00
1.149065761050570567e+00
1.184745066657373558e+00
1.221593260219731691e+00
1.259623579623896816e+00
1.298810559178685153e+00
1.339187781362860763e+00
1.380848928862294933e+00
1.423843737839686874e+00
1.468124060649276252e+00
1.513670942801280006e+00
1.560623263509487435e+00
1.609140759838422641e+00
1.659235928119471071e+00
1.710861918382444946e+00
1.764055579121028172e+00
1.818921622839284602e+00
1.875524426080390050e+00
1.933856272724247871e+00
1.993932383208031789e+00
2.055856897623626445e+00
2.119742800597077537e+00
2.185648793854449323e+00
2.253617819208006079e+00
2.323700781472740395e+00
2.395952270379982707e+00
2.470441638744136803e+00
2.547259042936449447e+00
2.626482634633412250e+00
2.708145105693465560e+00
2.792288372591997359e+00
2.879047569276639074e+00
2.968583717061196392e+00
3.060969150437399477e+00
3.156228706261388517e+00
3.254430699778955827e+00
3.355684008690468900e+00
3.460093723526709741e+00
3.567753994819306662e+00
3.678761976728066152e+00
3.793222414953045796e+00
3.911244023620096044e+00
4.032937616217648014e+00
4.158416983448274706e+00
4.287799762934114689e+00
4.421207470339129308e+00
4.558765339238441960e+00
4.700602411307066575e+00
4.846851746293507901e+00
4.997650570017113658e+00
5.153140377508496961e+00
5.313467054536605616e+00
5.478781020394536405e+00
5.649237373344527136e+00
5.824996035047122156e+00
6.006221898819111615e+00
6.193084984166618234e+00
6.385760596712745318e+00
6.584429492620273550e+00
6.789278047847835396e+00
7.000498432780001501e+00
7.218288792398703357e+00
7.442853432024461036e+00
7.674403008797939130e+00
7.913154729116954833e+00
8.159332552215836643e+00
8.413167400075577618e+00
8.674897373853250215e+00
8.944767977040900320e+00
9.223032345557504286e+00
9.509951484992484438e+00
9.805794515220636498e+00
1.011083892262508854e+01
1.042537082015465622e+01
1.074968521546266054e+01
1.108408628737840118e+01
1.142888767097870861e+01
1.178441275150892054e+01
1.215099496743956031e+01
1.252897816555261379e+01
1.291871715780337837e+01
1.332057788145226773e+01
1.373493740367653970e+01
1.416218441424852870e+01
1.460271968885458627e+01
1.505695646506952556e+01
1.552532082981059425e+01
1.600825211884791699e+01
1.650620332872535556e+01
1.701964154148909358e+01
1.754904836261738765e+01
1.809492037258098307e+01
1.865776959242239741e+01
1.923812396381252299e+01
1.983652784404641167e+01
2.045354251641406051e+01
2.108974671644027410e+01
2.174573717448040711e+01
2.242212917519900017e+01
2.311955713442911531e+01
2.383867519396799040e+01
2.458015783485626571e+01
2.534470050974339728e+01
2.613302029489466349e+01
2.694585656247150496e+01
2.778397167370583176e+01
2.864815169364592862e+01
2.953920712809786764e+01
3.045797368347775347e+01
3.140531305030940246e+01
3.238211371105564496e+01
3.338929177307529272e+01
3.442779182745724853e+01
3.549858783458413569e+01
3.660268403720550623e+01
3.774111590189378518e+01
3.891495108976592832e+01
4.012529045740506461e+01
4.137326908888007182e+01
4.266005735984456493e+01
4.398633848581641104e+01
