1.633865008553874246e-02
1.722427108942022403e-02
1.815789633835314040e-02
1.914212785682976176e-02
2.017970870960767577e-02
2.127353064666332241e-02
2.242664216253310513e-02
2.364225699250319113e-02
2.492376306932753832e-02
2.627473196543595249e-02
2.764871216283113636e-02
2.914638043765132094e-02
3.072653028825817964e-02
3.239295486216250269e-02
3.414996334332747602e-02
3.600225752796070572e-02
3.795488271575950256e-02
4.001320348842753866e-02
4.218289985255057467e-02
4.446997720189445336e-02
4.688077237208282400e-02
4.942196384651735552e-02
5.210059683566641703e-02
5.492409963173004728e-02
5.790029611664745252e-02
6.103742795305761720e-02
6.434418114724188564e-02
6.782970925283060559e-02
7.150365538145424249e-02
7.537617708776565839e-02
7.945797344200004886e-02
8.376031420465190891e-02
8.829506992050552283e-02
9.307474283040254037e-02
9.811249957817110012e-02
1.034222052470723796e-01
1.090184590088189853e-01
1.149166316499326268e-01
1.211329047244244922e-01
1.276843114341595642e-01
1.345887792812888728e-01
1.418651745276797715e-01
1.495333484790130063e-01
1.576141856412188180e-01
1.661296539591502197e-01
1.751028570799516293e-01
1.845580877647083340e-01
1.945208834240028939e-01
2.050180834793375317e-01
2.160778883510608428e-01
2.277299199948718822e-01
2.400052838360470231e-01
2.529366319110628036e-01
2.665582269795047088e-01
2.809060073153097914e-01
2.960176518245516419e-01
3.119326450661896177e-01
3.286923416714080948e-01
3.463400295784528904e-01
3.649209914459132231e-01
3.844825632314954889e-01
4.050741882453824938e-01
4.267474664380971339e-01
4.495561972173874876e-01
4.735564140418608292e-01
4.988064088932606666e-01
5.253667443843390572e-01
5.533002509033771998e-01
5.826720061055492561e-01
6.135492982693562247e-01
6.460015791289315246e-01
6.801003764661804896e-01
7.159191715438191217e-01
7.535332512465280352e-01
7.930195272180747823e-01
8.344563157885170890e-01
8.779230328583845777e-01
9.234997741204142852e-01
9.712668158296100529e-01
1.021304163404687770e+00
1.073690925213189651e+00
1.128504584429119939e+00
1.185820173402857058e+00
1.245709475463703697e+00
1.308240330471903912e+00
1.373475310959359597e+00
1.441470408587331109e+00
1.512273681634718869e+00
1.585923622606512984e+00
1.662446774673889571e+00
1.741855057454622324e+00
1.824144355804703910e+00
1.909292059649980056e+00
1.997254495925711248e+00
2.087964825795274759e+00
2.181331825030753624e+00
2.277236496385221187e+00
2.375529105258038065e+00
2.476026835508479351e+00
2.578510691056003612e+00
2.682721185966003841e+00
2.788357385101966290e+00
2.895076084627752788e+00
3.002490628994165078e+00
3.110171815947205598e+00
3.217651096568214797e+00
3.324420515659873399e+00
3.429935275384700333e+00
3.533617776185754344e+00
3.634860970234343736e+00
3.733033578688216725e+00
3.827489902841793246e+00
3.917578214843588480e+00
4.002650827743325479e+00
4.082075906619134997e+00
4.155247763240603298e+00
4.221597583012823840e+00
4.280605195643321537e+00
4.331812562328860139e+00
4.374835379467728380e+00
4.409367766244828069e+00
4.435187324944300791e+00
4.452152188410556377e+00
4.460196783799310616e+00
4.459342636995645925e+00
4.449697730561839037e+00
4.431467063760436531e+00
4.404967065379200797e+00
4.370591379173934143e+00
4.328796173966416916e+00
4.280066713101454923e+00
4.224868351667357302e+00
4.163685931307878008e+00
4.097028064276611481e+00
4.025450500242730101e+00
3.949604065255016394e+00
3.870146819552831463e+00
3.787712274690205660e+00
3.702861315159225786e+00
3.616011075065253877e+00
3.527542495969583580e+00
3.437824192403025947e+00
3.347259409958005083e+00
3.256353180022505178e+00
3.165578152871600270e+00
3.075349459041027078e+00
2.985970610586929919e+00
2.897579515980659881e+00
2.810292882466413733e+00
2.724222713773956972e+00
2.639533594835394847e+00
2.556485624348442620e+00
2.475302981543059833e+00
2.396166666063145545e+00
2.319163511345222251e+00
2.244265591647355951e+00
2.171445436928046036e+00
2.100679029221019789e+00
2.031990601264379137e+00
1.965468244943697540e+00
1.901176612504537289e+00
1.839161801569533461e+00
1.779425657690777873e+00
1.721909265054882843e+00
1.666556183364792165e+00
1.613311091138240672e+00
1.562132183596847579e+00
1.513000819125658980e+00
1.465890823448220637e+00
1.420769854133609345e+00
1.377601908601415071e+00
1.336348014878511403e+00
1.296967230352275235e+00
1.259416975630248681e+00
1.223648252122874425e+00
1.189591587287227137e+00
1.157165610505104469e+00
1.126297854057017656e+00
1.096920753341545929e+00
1.068980570629717297e+00
1.042457714017843040e+00
1.017343869375521459e+00
9.936209043355203052e-01
9.712679158374940558e-01
9.502554577911370703e-01
9.305258281961974465e-01
9.119999854029472441e-01
8.946081593907651008e-01
8.782870657315454688e-01
8.629806039004809248e-01
8.486424536811773001e-01
8.352512769231984491e-01
8.228081201933851174e-01
8.113043244543434174e-01
8.007273228387308261e-01
7.910624540896150636e-01
7.822931672226030031e-01
7.743998926967147201e-01
7.673543074896356231e-01
7.611153273361347393e-01
7.556425837567620762e-01
7.509044439748453481e-01
7.468733409407669610e-01
7.435251670427209802e-01
7.408388986534839571e-01
7.387962711440231311e-01
7.373814306377541872e-01
7.365797778531962825e-01
7.363764637927900925e-01
7.367579652618648778e-01
7.377130532098163940e-01
7.392330036779733993e-01
7.413109126815987659e-01
7.439392845032836155e-01
7.471107640736993627e-01
7.508184276820061287e-01
7.550606269899857725e-01
7.598566939724796798e-01
7.652458963599790831e-01
7.712633990676159845e-01
7.779466580333210812e-01
7.853373328851405155e-01
7.934816494051604163e-01
8.024307941043575809e-01
8.122413206276318798e-01
8.229660154465406885e-01
8.346230248930205375e-01
8.471995222508131862e-01
8.606995687904963610e-01
8.751306480869863735e-01
8.904996468013035571e-01
9.068126238829004038e-01
9.240745734928862420e-01
9.422881863505845335e-01
9.614325993391791281e-01
9.814388808322594970e-01
1.002226250831536936e+00
1.023724694073698593e+00
1.045858446165345068e+00
1.068545932679549892e+00
1.091700569371473195e+00
1.115229358911944857e+00
1.139008766880701407e+00
1.162819193436446907e+00
1.186373165878822356e+00
1.209417695295283979e+00
1.231700418377809525e+00
1.252963426662330404e+00
1.272947547844766936e+00
1.291397083761940401e+00
1.308068730756468456e+00
1.322789508515762158e+00
1.335481139236352144e+00
1.346057611536649157e+00
1.354408769349437547e+00
1.360439800808117106e+00
1.364072905941864811e+00
1.365247701181350637e+00
1.363921326760290320e+00
1.360073119363134131e+00
1.353824183006519632e+00
1.345514341112506340e+00
1.335451467033305972e+00
1.323808173422656775e+00
1.310746659968407002e+00
1.296424994207305392e+00
1.280995797993514485e+00
1.264605333598855186e+00
1.247392853492651943e+00
1.229461802728083031e+00
1.210757592717409681e+00
1.191064941645034292e+00
1.170245766487159500e+00
1.148284303814852469e+00
1.125179481966339656e+00
1.100951516422002952e+00
1.075723292622708493e+00
1.049695736050155315e+00
1.023016970365956180e+00
9.958110384919748315e-01
9.681958157536325604e-01
9.401888470399087927e-01
9.117079000948709044e-01
8.827366419626959670e-01
8.533209305946328760e-01
8.235582781015843290e-01
7.936660702402873468e-01
7.638709591694217149e-01
7.343074503320677904e-01
7.050444950812283507e-01
6.760518220448941129e-01
6.473046784342062487e-01
6.188524540516296968e-01
5.908195791129895458e-01
5.634010203712358500e-01
5.367332392668369145e-01
5.108663446769928784e-01
4.858169255073916393e-01
4.616003029465763352e-01
4.382199973115279423e-01
4.156519318025992948e-01
3.938803930131564712e-01
3.729580279693087697e-01
3.529908349514719323e-01
3.340200592624517073e-01
3.159240553534518048e-01
2.985130664326378080e-01
2.817555828638806936e-01
2.658351825732158669e-01
2.509336392865223475e-01
2.369279847607671519e-01
2.235081725168654720e-01
2.105312611511167276e-01
1.982122424607032640e-01
1.868248770729900587e-01
1.762698665908781492e-01
1.662029827534746429e-01
1.564527071032949801e-01
1.472079890604345853e-01
1.387005763216189180e-01
1.308441992506804707e-01
1.233871770230849790e-01
1.162345645604356131e-01
1.095131807720388789e-01
1.033412036397858697e-01
9.764462304936882830e-02
9.228361638098056541e-02
8.721938335734930048e-02
8.250188857216839144e-02
7.816337905069566105e-02
7.416932389372056511e-02
7.047228441628301809e-02
6.704676164124176441e-02
6.387456588517652356e-02
6.093553447867262191e-02
5.822303276099720371e-02
5.574344630915116505e-02
5.347751310417465237e-02
5.136960621510989339e-02
4.936864448925350202e-02
4.747478708725731689e-02
4.572758908563727409e-02
4.415392638118917357e-02
4.272586590812120499e-02
4.137976782074261062e-02
4.006951742593758969e-02
3.879723219243944726e-02
3.760440411375882280e-02
3.653112271289331303e-02
3.557507664698948691e-02
3.469720944355306896e-02
3.384536793752384448e-02
3.299886551417882674e-02
3.216122173006582402e-02
3.136454263434098472e-02
3.064499059314724702e-02
3.001329675538759456e-02
2.945806352463635480e-02
2.895016832011275409e-02
2.847159110018633241e-02
2.802114263874231140e-02
2.760547393228751992e-02
2.724339114425733052e-02
2.694794647682448308e-02
2.671304731942579849e-02
2.652777317545033930e-02
2.638091958577271773e-02
2.626009416149201192e-02
2.615960025452070820e-02
2.607734382134558812e-02
2.601130819334341107e-02
2.596101661710089117e-02
2.592805007334603867e-02
2.591135778378242729e-02
2.590716276008856941e-02
2.591270639915674301e-02
2.592540558794002165e-02
2.594237948179136527e-02
2.595932013656659931e-02
2.597160527661956583e-02
2.597702910759394634e-02
2.598254077722107064e-02
2.600083852252932370e-02
2.603788847551882085e-02
2.609616496436058600e-02
2.617874750192024369e-02
2.628885893556252157e-02
2.642957972287821727e-02
2.660417209986896958e-02
2.681399703110635968e-02
2.705710489011366876e-02
2.733295362340727383e-02
2.764453975236882965e-02
2.799521289049464179e-02
2.838805801070053494e-02
2.882646270838116684e-02
2.931425054912909986e-02
2.985479001498892587e-02
3.044877772886004502e-02
3.109609173114672234e-02
3.179814467895288044e-02
3.255765173047393130e-02
3.337923891243244068e-02
3.426837822926115384e-02
3.523133889264002533e-02
3.627513510302591421e-02
3.740672028333863475e-02
3.863372102261755647e-02
3.996624543364456217e-02
4.141856263839150537e-02
4.300948059767814580e-02
4.475965120308971618e-02
4.669207962346819119e-02
4.883495909235598814e-02
5.122766977946927036e-02
5.392363623163763664e-02
5.698634667449342661e-02
6.049347637479880746e-02
6.454622040615481948e-02
6.927871765140286575e-02
7.486583943926117257e-02
8.154213497649805131e-02
8.970116166692915227e-02
1.000365311741984731e-01
1.136434288658130093e-01
1.323429875984463711e-01
-2.801567081278579230e-01
-8.093890955835578160e-02
-9.165914927649909671e-02
-1.164614071692095520e-01
-1.542816046770990879e-01
-2.183162998607884875e-01
-3.492641776268489151e-01
-7.632011138133323325e-01
1.048515570792739915e+01
7.304205474071128190e-01
3.961264652633593730e-01
2.798715854957285476e-01
2.210599485005572407e-01
1.857380480897554698e-01
1.623093206113715437e-01
1.457218404813742929e-01
1.334253913861907226e-01
1.239965000602403916e-01
1.165713815571148837e-01
1.105949551334782649e-01
1.056984086272942103e-01
1.016273840992346356e-01
9.820091265832719962e-02
9.528921880567246816e-02
9.280694101179554067e-02
9.069217135987367451e-02
8.889551308813599395e-02
8.737658871414800965e-02
8.610208831198798429e-02
8.504430705069877805e-02
8.418003269389322252e-02
8.348977694408304950e-02
8.295612526692215660e-02
8.256160293064837563e-02
8.229129206877901226e-02
8.213273503205548165e-02
8.207546769117052277e-02
8.211065493226712975e-02
8.223063859073678761e-02
8.242785065377429554e-02
8.269584307094746123e-02
8.303394546922003572e-02
8.344499144749190078e-02
8.393159718378606637e-02
8.449615736145257849e-02
8.514099782492627611e-02
8.586939107604565913e-02
8.668515953550368081e-02
8.759185783314567264e-02
8.858561161593556110e-02
8.964606367890448624e-02
9.075223607352869704e-02
9.188489290124059183e-02
9.302594084314490253e-02
9.415808574019540744e-02
9.526607542487910973e-02
9.633696404148378578e-02
9.736430891944360122e-02
9.837033883972313986e-02
9.938544656468008276e-02
1.004357384037412315e-01
1.015440109693190179e-01
1.027299238605720033e-01
1.040102333350633179e-01
1.053996279113317419e-01
1.069106385329835207e-01
1.085395879470464620e-01
1.102707917445264196e-01
1.120896212656757596e-01
1.139818044075333464e-01
1.159336892712630879e-01
1.179321538472189179e-01
1.199643598110049364e-01
1.220176884678815799e-01
1.240851668200980834e-01
1.261674472540948722e-01
1.282657871869165300e-01
1.303819841759782383e-01
1.325177742844517448e-01
1.346747875502626035e-01
1.368546337962149306e-01
1.390589822097802464e-01
1.412884443153427372e-01
1.435414946666961622e-01
1.458161529112205756e-01
1.481097800560648436e-01
1.504197158939406254e-01
1.527433892558598960e-01
1.550783237572867235e-01
1.574221460704924858e-01
1.597728411683327077e-01
1.621291078260941043e-01
1.644902215445558091e-01
1.668566028526928813e-01
1.692292449079421668e-01
1.716095950057020814e-01
1.739995784689407354e-01
1.764016149705984748e-01
1.788184419425171423e-01
1.812528699709247126e-01
1.837079981324803712e-01
1.861865539963794836e-01
1.886913232014268416e-01
1.912254076918101231e-01
1.937922105615521307e-01
1.963954180037939257e-01
1.990387307781221748e-01
2.017255458288821357e-01
2.044593900582546142e-01
2.072445029456325416e-01
2.100857981676211572e-01
2.129883963021753646e-01
2.159575860317267948e-01
2.189987964396366837e-01
2.221171864982923183e-01
2.253173420194212184e-01
2.286038287513929013e-01
2.319810656172422714e-01
2.354529776663284446e-01
2.390234015656644007e-01
2.426961781329697587e-01
2.464751623361750021e-01
2.503643984799340805e-01
2.543681625675876523e-01
2.584907659997237594e-01
2.627365580341753382e-01
2.671101301441351494e-01
2.716162863310842557e-01
2.762598782476841652e-01
2.810458076301003971e-01
2.859791058618076365e-01
2.910649232582082635e-01
2.963084680050444564e-01
3.017150072807527894e-01
3.072898676522069494e-01
3.130384272689933356e-01
3.189661293298150513e-01
3.250784521542876560e-01
3.313806298407954154e-01
3.378778301683545426e-01
3.445753278675176001e-01
3.514785140260436869e-01
3.585929036002079573e-01
3.659240480852314903e-01
3.734774384394907720e-01
3.812587485093651973e-01
3.892740335947330044e-01
3.975295436639139091e-01
4.060316641013922978e-01
4.147869245004059957e-01
4.238020071852194315e-01
4.330837618608404105e-01
4.426394576253171453e-01
4.524771978084772828e-01
4.626060211925696608e-01
4.730351656223382162e-01
4.837739645581150549e-01
4.948318553631245176e-01
5.062183883531602424e-01
5.179432364126198562e-01
5.300161889421268757e-01
5.424468526924596246e-01
5.552447197458085792e-01
5.684194780265333646e-01
5.819810285028097496e-01
5.959394924730954113e-01
6.103052205365492311e-01
6.250888029784537059e-01
6.403011053455320845e-01
6.559535112520418210e-01
6.720582711688223299e-01
6.886282869368947068e-01
7.056767145440500100e-01
7.232169557314133135e-01
7.412626639234595194e-01
7.598277521200439422e-01
7.789261411059321683e-01
7.985710855629906124e-01
8.187759716882410110e-01
8.395541182071256658e-01
8.609188751361293024e-01
8.828840715199306466e-01
9.054640464442001990e-01
9.286736595350252310e-01
9.525281571891108801e-01
9.770431159262970011e-01
1.002234673160114165e+00
1.028119566415252928e+00
1.054715540656665285e+00
1.082041378239628093e+00
1.110116437727118877e+00
1.138960640160090021e+00
1.168594671680225128e+00
1.199039879901593553e+00
1.230318129495215018e+00
1.262451817276604604e+00
1.295463898134308955e+00
1.329377630897758955e+00
1.364216456659109511e+00
1.400004290865542789e+00
1.436764980230593292e+00
1.474522977412296543e+00
1.513303581804331666e+00
1.553132957437928452e+00
1.594038148535776189e+00
1.636047092745404274e+00
1.679188773713019112e+00
1.723492999699267170e+00
1.768989878035563512e+00
1.815710434540605434e+00
1.863686724111681681e+00
1.912951862204501863e+00
1.963540056055018912e+00
2.015486645001602906e+00
2.068828124744590991e+00
2.123601495087439783e+00
2.179844506049822161e+00
2.237596312586264791e+00
2.296897651100907378e+00
2.357790904927858033e+00
2.420320159849035146e+00
2.484531223044932791e+00
2.550471753423535048e+00
2.618191630995617469e+00
2.687742550911122574e+00
2.759177915698288075e+00
2.832552829918411508e+00
2.907924092215435241e+00
2.985350218525157473e+00
3.064891334717167570e+00
3.146609349953827461e+00
3.230568125269700275e+00
3.316833252814591404e+00
3.405471958378187836e+00
3.496553152553869115e+00
3.590147497057766479e+00
3.686327485728109643e+00
3.785167486482324151e+00
3.886743897226762723e+00
3.991135378734237182e+00
4.098423028735932228e+00
4.208690603227133842e+00
4.322024810661506677e+00
4.438515663664691857e+00
4.558256661904581897e+00
4.681344751047129549e+00
4.807881131408100472e+00
4.937972287681376748e+00
5.071730385946747077e+00
5.209273992179793034e+00
5.350728962757787421e+00
5.496229404449331390e+00
5.645917310412526646e+00
5.799942889640001376e+00
5.958468066831144050e+00
6.121668473063712312e+00
6.289733736717415091e+00
6.462868745425540240e+00
6.641294854701454753e+00
6.825250389715298738e+00
7.014984644312714401e+00
7.210756150207075166e+00
7.412840275949254654e+00
7.621528075254866863e+00
7.837120210128689202e+00
8.059922971338504993e+00
8.290243431527802187e+00
8.528383966976049280e+00
8.774633105797205346e+00
9.029253297784411103e+00
9.292482440185075632e+00
9.564536028250026689e+00
9.845599623324620353e+00
1.013582776173990574e+01
1.043534842012544672e+01
1.074426638291679481e+01
1.106266616232018052e+01
1.139061989665695585e+01
1.172819058867294828e+01
1.207542074293625589e+01
1.243235425662459903e+01
1.279906517617305894e+01
1.317564990289882765e+01
1.356222701198132086e+01
1.395894053003106272e+01
1.436595880784985013e+01
1.478346810085175633e+01
1.521163681762568665e+01
1.565061645664654044e+01
1.610058082269820545e+01
1.656178352523572883e+01
1.703464144582596873e+01
1.751962129704923399e+01
1.801712309761355968e+01
1.852742598175557021e+01
1.905073093120813965e+01
1.958731328782547010e+01
2.013755378302620613e+01
2.070191678285068448e+01
2.128086696806265010e+01
2.187476414468581964e+01
2.248383458432797255e+01
2.310834276953864830e+01
2.374876873725956017e+01
2.440582403541106871e+01
2.508019823373593127e+01
2.577238612534737783e+01
2.648276840182778002e+01
2.721174627472740326e+01
2.795981887116238340e+01
2.872752932018437022e+01
2.951543986992372837e+01
3.032410230089277903e+01
3.115405856803385376e+01
3.200587334580967536e+01
3.288010528790572096e+01
3.377727769338527963e+01
3.469796052301489908e+01
3.564296730274851654e+01
3.661329830473148661e+01
3.760978984625334220e+01
3.863277950229991120e+01
3.968240786294924760e+01
4.075926886147320261e+01
4.186474917782025784e+01
4.300040628749418659e+01
4.416708416266296666e+01
4.536484845192218529e+01
4.659379856370492234e+01
4.785497814814412720e+01
4.915018093638342833e+01
5.048095788381047555e+01
5.184740466185365193e+01
5.324878106157481028e+01
5.468538701668243363e+01
5.615979664740757471e+01
5.767517190025333207e+01
5.923298325220748239e+01
6.083312041966473771e+01
6.247550999671721428e+01
6.416130772495233714e+01
6.589231951687338551e+01
6.767017558630493568e+01
6.949547884322690550e+01
7.136834768892531145e+01
7.328970042753157088e+01
7.526174788266267512e+01
7.728689245320983048e+01
7.936688354463835537e+01
8.150339558354794178e+01
8.369807805448753868e+01
8.595216284158792064e+01
8.826659862577798776e+01
9.064267735190256303e+01
9.308206255952836727e+01
9.558651477266575114e+01
9.815743870604254084e+01
1.007953369945021933e+02
1.035009576857364095e+02
1.062777662337172160e+02
1.091312844671823541e+02
1.120652925985534409e+02
1.150798880715964572e+02
1.181743941536933988e+02
1.213505309682842181e+02
1.246121834168766611e+02
1.279630917373235093e+02
1.314033755653664173e+02
1.349304223099285309e+02
1.385445538126810163e+02
1.422538970902584197e+02
1.460684771700747717e+02
1.499919636290325400e+02
1.540226551724604462e+02
1.581596073487475564e+02
1.624061682867928198e+02
1.667672158879335029e+02
1.712464170355692374e+02
1.758441469304913483e+02
1.805601998307506051e+02
1.853981249379205849e+02
1.903650830114987116e+02
1.954674850910373607e+02
2.007089656763571099e+02
2.060926746293604026e+02
2.116219916270287627e+02
2.172998532587877776e+02
2.231292273381054088e+02
2.291141104246190991e+02
2.352591057254847442e+02
2.415686872679920896e+02
2.480456963027116899e+02
2.546922193571520268e+02
2.615130921795072254e+02
2.685181368508763740e+02
2.757171018499398656e+02
2.831139455713912980e+02
2.907095326301630394e+02
2.985067813251472444e+02
3.065119296892063403e+02
3.147317739255833544e+02
3.231723134808283362e+02
3.318391088941253884e+02
3.407379427376421290e+02
3.498750581725922189e+02
3.592569430023966106e+02
3.688901959429200019e+02
3.787815234928007726e+02
3.889378087416072844e+02
3.993661442154779024e+02
4.100738232346361087e+02
4.210683311069663546e+02
4.323573466420460818e+02
4.439487530533328368e+02
4.558506463426371624e+02
4.680713405253487736e+02
4.806193720477178886e+02
4.935035052204666499e+02
5.067327387427672534e+02
5.203163122634304045e+02
5.342637128582701962e+02
5.485846815197737669e+02
5.632892198946498183e+02
5.783875972830510364e+02
5.938903578293085275e+02
6.098083278844230790e+02
6.261526235461384431e+02
6.429346584065656316e+02
6.601661515135308491e+02
6.778591355464257049e+02
6.960259652094090370e+02
7.146793258475520361e+02
7.338322422931238407e+02
7.534980879495665249e+02
7.736905941185385700e+02
7.944238595762623163e+02
8.157123604064479423e+02
8.375709600954052121e+02
8.600149198976879461e+02
8.830599094796385771e+02
9.067220178465564686e+02
9.310177645626753247e+02
9.559641112719385774e+02
9.815784735258786213e+02
1.007878732928219051e+03
1.034883249605303490e+03
1.062610875008696894e+03
1.091080965060904418e+03
1.120313393653542789e+03
1.150328566505080062e+03
1.181147435390031660e+03
1.212791512749654203e+03
1.245282886691757767e+03
1.278644236392721950e+03
1.312898847912364090e+03
1.348070630429831908e+03
1.384184132915310784e+03
1.421264561247925485e+03
1.459337795790129121e+03
1.498430409433125988e+03
1.538569686125738599e+03
1.579783639897086005e+03
1.622101034389252618e+03
1.665551402913200263e+03
1.710165069039184118e+03
1.755973167739691689e+03
1.803007667097085005e+03
1.851301390591801919e+03
1.900888039987972434e+03
1.951802218829376898e+03
2.004079456564770226e+03
2.057756233319635157e+03
2.112870005328381467e+03
2.169459231047935646e+03
2.227563397970850929e+03
2.287223050153572331e+03
2.348479816481902617e+03
2.411376439694088276e+03
2.475956806177431190e+03
2.542265976562823198e+03
2.610350217140296991e+03
2.680257032110662294e+03
2.752035196701400309e+03
2.825734791171310007e+03
2.901407235719429991e+03
2.979105326330748085e+03
3.058883271582323687e+03
3.140796730429235140e+03
3.224902851004459080e+03
3.311260310457557807e+03
3.399929355854871119e+03
3.490971846176608778e+03
3.584451301470228827e+03
3.680433004053511013e+03
3.778984019050971256e+03
3.880173148973699881e+03
3.984071001566770974e+03
4.090750073637976129e+03
4.200284802057407433e+03
4.312751615667372789e+03
4.428228988583938190e+03
4.546797494924225248e+03
4.668539864996617325e+03
4.793541042997871955e+03
4.921888246248770884e+03
5.053671026018223529e+03
5.188981329975854351e+03
5.327913566311050090e+03
5.470564669570196202e+03
5.617034168258079262e+03
5.767424254242598181e+03
5.921839854018292499e+03
6.080388701881062843e+03
6.243181415053669298e+03
6.410331570823396760e+03
6.581955785749716597e+03
6.758173796981504893e+03
6.939108545753658291e+03
7.124886263123888057e+03
7.315636557992760572e+03
7.511492507484232192e+03
7.712590749748424969e+03
7.919071579237697733e+03
8.131079044537283153e+03
8.348761048818585550e+03
8.572269452967655525e+03
8.801760181481091422e+03
9.037393331198702072e+03
9.279333282934214367e+03
9.527748816099699980e+03
9.782813226399868654e+03
1.004470444666617550e+04
1.031360517092881310e+04
1.058970298181243379e+04
1.087319048133022807e+04
1.116426542518645147e+04
1.146313086066707001e+04
1.176999526821857216e+04
1.208507270682311173e+04
1.240858296325136871e+04
1.274075170531389085e+04
1.308181063921781060e+04
1.343199767112401605e+04
1.379155707302784322e+04
1.416073965309138111e+04
1.453980293051267654e+04
1.492901131508164144e+04
1.532863629155272247e+04
1.573895660892768137e+04
1.616025847481142955e+04
1.659283575498385107e+04
1.703699017828174692e+04
1.749303154697911668e+04
1.796127795280453211e+04
1.844205599871328013e+04
1.893570102660863995e+04
1.944255735116493088e+04
1.996297849987839800e+04
2.049732745956056169e+04
2.104597692943372749e+04
2.160930958096724135e+04
2.218771832468962748e+04
2.278160658414487625e+04
2.339138857714838014e+04
2.401748960459046066e+04
2.466034634696850844e+04
2.532040716883425921e+04
2.599813243139463884e+04
2.669399481349173948e+04
2.740847964113835042e+04
2.814208522589582935e+04
2.889532321229176159e+04
2.966871893453442681e+04
3.046254797501300345e+04
