2.656071007222758271e+04
3.283394434693594667e+04
3.361010144498966838e+04
3.256420257503232642e+04
3.109161307942222265e+04
2.960192864128850852e+04
2.820912434742111145e+04
2.694206605900196519e+04
2.580128679179337269e+04
2.477750236816829056e+04
2.386243568006815622e+04
2.304130005031259861e+04
2.230892539154324550e+04
2.164994934834589731e+04
2.106078057357250873e+04
2.053285237798561138e+04
2.005585109529825422e+04
1.962907511254210840e+04
1.924654143847614250e+04
1.890141850847945170e+04
1.859106173821556877e+04
1.831331826692268442e+04
1.806477943733388383e+04
1.784221394990191402e+04
1.764323578748507862e+04
1.746611644128270564e+04
1.730927250706130872e+04
1.717119295261714069e+04
1.705041641732069183e+04
1.694564765460310446e+04
1.685575005593418973e+04
1.677972283877675363e+04
1.671668775658917002e+04
1.666586509801938882e+04
1.662655383826900652e+04
1.659812471063194243e+04
1.658001283877931928e+04
1.657171100712965199e+04
1.657276379177812851e+04
1.658276244640800360e+04
1.660134033635965898e+04
1.662816914780399020e+04
1.666295527721193866e+04
1.670543685363274926e+04
1.675538102425841134e+04
1.681258121403663972e+04
1.687684106095529933e+04
1.694796796675481164e+04
1.702578770558126052e+04
1.711014377428210719e+04
1.720089575274109666e+04
1.729791781436765450e+04
1.740109736679683192e+04
1.751033380702721479e+04
1.762553737707401888e+04
1.774662810781783628e+04
1.787353484012596527e+04
1.800619431885259837e+04
1.814455154557159767e+04
1.828856063953683770e+04
1.843818213958922934e+04
1.859338419012678787e+04
1.875414144712458801e+04
1.892043329286077642e+04
1.909224320532585989e+04
1.926955815648329008e+04
1.945236802257843010e+04
1.964066445982297955e+04
1.983442916130551021e+04
2.003363207841408803e+04
2.023823986038500516e+04
2.044821516294733010e+04
2.066351681061818454e+04
2.088410236746209193e+04
2.110995959938592569e+04
2.134109720370240029e+04
2.157752455190630280e+04
2.181925103418300932e+04
2.206628337240891778e+04
2.231857084338957065e+04
2.257599718249738726e+04
2.283842943618743811e+04
2.310572391338024681e+04
2.337774232065234537e+04
2.365445963548964937e+04
2.393591757298486118e+04
2.422216625471023508e+04
2.451326383797700692e+04
2.480917856274488804e+04
2.510968074682644874e+04
2.541449640290490788e+04
2.572332952135614687e+04
2.603592436789873318e+04
2.635229353137524959e+04
2.667254035837182164e+04
2.699678237441314195e+04
2.732511778158275411e+04
2.765735446005521590e+04
2.799313193701841374e+04
2.833206729517409258e+04
2.867378406627242293e+04
2.901817439038244629e+04
2.936532075818424710e+04
2.971531656660665612e+04
3.006824757686882731e+04
3.042396298220577592e+04
3.078210697270587480e+04
3.114230969004118742e+04
3.150420647291131536e+04
3.186761302292985056e+04
3.223252126732102261e+04
3.259893029853486587e+04
3.296683515537443600e+04
3.333612061418194935e+04
3.370654077903443249e+04
3.407788532603359636e+04
3.444997869809084659e+04
3.482269739247096732e+04
3.519599778154800151e+04
3.556984451101369632e+04
3.594420182978955563e+04
3.631903265657711017e+04
3.669429753384068317e+04
3.706995436166697618e+04
3.744595833619684709e+04
3.782225083433552209e+04
3.819869312563316635e+04
3.857511794419568469e+04
3.895136023473521345e+04
3.932726329208394600e+04
3.970279296763535240e+04
4.007800860140737495e+04
4.045295879214208981e+04
4.082767726372521429e+04
4.120200105980328954e+04
4.157546074580150162e+04
4.194757696570296685e+04
4.231789898451968475e+04
4.268606468692350609e+04
4.305205061343217676e+04
4.341594456004165841e+04
4.377782796818047063e+04
4.413777229572595388e+04
4.449567816175705957e+04
4.485122522073763685e+04
4.520410958947460313e+04
4.555406848470491968e+04
4.590092462572390650e+04
4.624482945340868901e+04
4.658603759378041286e+04
4.692475753849770990e+04
4.726116298904778523e+04
4.759535328997303441e+04
4.792714013414074725e+04
4.825627724353424128e+04
4.858253703171986854e+04
4.890571472329694370e+04
4.922570333632602706e+04
4.954258633785229904e+04
4.985643763619127276e+04
5.016726754565868760e+04
5.047505074861594039e+04
5.077970328167183470e+04
5.108102685828676476e+04
5.137884464144952653e+04
5.167302531112757424e+04
5.196348309612148296e+04
5.225019457260015042e+04
5.253321197440473043e+04
5.281258889322892355e+04
5.308837133522883960e+04
5.336059824113129434e+04
5.362930025244191347e+04
5.389449773562342307e+04
5.415622810935050074e+04
5.441455704984597833e+04
5.466958881299040513e+04
5.492148235943214240e+04
5.517044955536823545e+04
5.541674038156422466e+04
5.566064407145015866e+04
5.590249030156902882e+04
5.614264851155441283e+04
5.638149822131509427e+04
5.661936466627263144e+04
5.685655799498721899e+04
5.709337812007591856e+04
5.733011078781633114e+04
5.756702649919460237e+04
5.780437971427277080e+04
5.804240728446759749e+04
5.828131390747547266e+04
5.852127266502103157e+04
5.876243835792034952e+04
5.900494727670718567e+04
5.924891499898111942e+04
5.949443728101810848e+04
5.974159127859611908e+04
5.999054456801204651e+04
6.024175888119438605e+04
6.049575924144603050e+04
6.075307890087440319e+04
6.101425300650824647e+04
6.127981267678864242e+04
6.155027959646726958e+04
6.182613793522682681e+04
6.210754833095639333e+04
6.239443453969347320e+04
6.268669647105516196e+04
6.298421860501507035e+04
6.328687324574287777e+04
6.359452332360162836e+04
6.390702475561987376e+04
6.422413391462485015e+04
6.454531514703733410e+04
6.486998230013485590e+04
6.519755663923795510e+04
6.552746714003130182e+04
6.585914958655595547e+04
6.619204449707010644e+04
6.652561095374116849e+04
6.685968761249394447e+04
6.719448554213299940e+04
6.753022962629169342e+04
6.786714395673654508e+04
6.820545285843026068e+04
6.854538166317740979e+04
6.888715723390839412e+04
6.923099801600632782e+04
6.957707731476829213e+04
6.992555624344649550e+04
7.027659679998118372e+04
7.063036147664382588e+04
7.098701272625160345e+04
7.134671228292369051e+04
7.170961908903760195e+04
7.207584646336265723e+04
7.244545149231264077e+04
7.281848456434633408e+04
7.319499215231729613e+04
7.357501629642589251e+04
7.395859407956454379e+04
7.434575709965146962e+04
7.473650041532193427e+04
7.513063867297112301e+04
7.552792512621918286e+04
7.592811711012206797e+04
7.633097732243790233e+04
7.673627480633188679e+04
7.714378571395174367e+04
7.755329360038388404e+04
7.796457512081238383e+04
7.837739275056694169e+04
7.879151652252188069e+04
7.920672541944340628e+04
7.962280633685336215e+04
8.003955265660399164e+04
8.045676241307916644e+04
8.087429938521111035e+04
8.129248241613419668e+04
8.171182239267395926e+04
8.213282272141955036e+04
8.255597979603934800e+04
8.298178307053200842e+04
8.341071378942967567e+04
8.384323903916710697e+04
8.427959253097287728e+04
8.471964540563870105e+04
8.516323575006845931e+04
8.561020224156079348e+04
8.606038508447512868e+04
8.651362688784599595e+04
8.696977348711580271e+04
8.742863371181883849e+04
8.788974966520599264e+04
8.835257452569558518e+04
8.881659018718080188e+04
8.928130516490069567e+04
8.974624947207899822e+04
9.021096651812396885e+04
9.067500406586632016e+04
9.113802213271432265e+04
9.159983537856691692e+04
9.206023132920831267e+04
9.251894484968167671e+04
9.297564613858191296e+04
9.342992730510917318e+04
9.388128739961060637e+04
9.432913475407952501e+04
9.477284760857732908e+04
9.521170594244181120e+04
9.564485247442335822e+04
9.607127857889457664e+04
9.648980892730467895e+04
9.689908467067635502e+04
9.729756906583209638e+04
9.768386195066288929e+04
9.805670490158350731e+04
9.841480106606068148e+04
9.875683664679243520e+04
9.908151054840229335e+04
9.938756541754919454e+04
9.967372975101137126e+04
9.993819638004012813e+04
1.001784805639350816e+05
1.003917779795815295e+05
1.005749705599306617e+05
1.007250141626582772e+05
1.008390015032396332e+05
1.009140596755578008e+05
1.009472110564410541e+05
1.009340230687954027e+05
1.008686046181254205e+05
1.007437420359014213e+05
1.005532000602764456e+05
1.002939098086980230e+05
9.996631777917151339e+04
9.957142600366730767e+04
9.910555543246987509e+04
9.856574921874790743e+04
9.796408357175643323e+04
9.732282135559731978e+04
9.665593748037535988e+04
9.596238215671433136e+04
9.524240470552344050e+04
9.451218446304040845e+04
9.379308279951442091e+04
9.309914227028297319e+04
9.243277975407737540e+04
9.179541400149582478e+04
9.119204414556406846e+04
9.063168228941330744e+04
9.012201141549827298e+04
8.966747881729817891e+04
8.926291244825406466e+04
8.890026605907856720e+04
8.857188220714571071e+04
8.827037299547174189e+04
8.798865644657879602e+04
8.772033511027162604e+04
8.746093510442241677e+04
8.720660059664834989e+04
8.695335935275079100e+04
8.669709334545637830e+04
8.643353873392185778e+04
8.615899250185192795e+04
8.587657805840550282e+04
8.559338706631520472e+04
8.531680907906193170e+04
8.505431702109650359e+04
8.481308541154854174e+04
8.459971074509069149e+04
8.441539751906521269e+04
8.425764059748305590e+04
8.412405624589165382e+04
8.401243472835219291e+04
8.392074030458889320e+04
8.384722226776182652e+04
8.378965217007469619e+04
8.374487570002878783e+04
8.370969863067677943e+04
8.368096156642303686e+04
8.365552387584437383e+04
8.363024711155476689e+04
8.360251232501286722e+04
8.357303038752249267e+04
8.354370919945067726e+04
8.351632271401023900e+04
8.349263175429619150e+04
8.347439027330094541e+04
8.346332960325127351e+04
8.346064611800474813e+04
8.346680468262951763e+04
8.348222503674756445e+04
8.350733520478798891e+04
8.354256971514495672e+04
8.358837148602821981e+04
8.364521021479826595e+04
8.371329101532830100e+04
8.379267750988660555e+04
8.388342941509591765e+04
8.398560327940277057e+04
8.409925240896589821e+04
8.422442620836099377e+04
8.436095061564294156e+04
8.450806824007545947e+04
8.466492869304002670e+04
8.483068450307300373e+04
8.500449112188280560e+04
8.518550665923347697e+04
8.537289307395982905e+04
8.556590926559059881e+04
8.576395724908304692e+04
8.596643861322512385e+04
8.617272801689855987e+04
8.638219324223513831e+04
8.659419838100858033e+04
8.680812196092667000e+04
8.702384660546705709e+04
8.724178851906221826e+04
8.746237227010983042e+04
8.768600434199129813e+04
8.791307391551240289e+04
8.814395377676861244e+04
8.837896405797969783e+04
8.861781266310049978e+04
8.885972753828176064e+04
8.910393432489052066e+04
8.934966709688740957e+04
8.959616541392686486e+04
8.984267177731078118e+04
9.008840940380342363e+04
9.033236290552158607e+04
9.057335812237703067e+04
9.081021208832289267e+04
9.104173368864259101e+04
9.126672246730550251e+04
9.148397563904830895e+04
9.169205290567269549e+04
9.188738868993008509e+04
9.206515410280720971e+04
9.222013706882589031e+04
9.234664940913714236e+04
9.243839834457340476e+04
9.248831878865878389e+04
9.248924825476425758e+04
9.243623303234935156e+04
9.232445180494790839e+04
9.214852791167808755e+04
9.190246108010307944e+04
9.157950532244086207e+04
9.117215064041968435e+04
9.067642388849312556e+04
9.009082088612459484e+04
8.941467576983045728e+04
8.864841324321155844e+04
8.779453405648910848e+04
8.685918926920926606e+04
8.585001966176455608e+04
8.477919796273595421e+04
8.366314832404092886e+04
8.251772623377203126e+04
8.136150460901464976e+04
8.021799180496505869e+04
7.910961147260508733e+04
7.805543773841275834e+04
7.706783899358929193e+04
7.614882426146266516e+04
7.528314867868153669e+04
7.445561360098798468e+04
7.365446490285404434e+04
7.287065116749776644e+04
7.209925281421047112e+04
7.134483691400516545e+04
7.061430400702533370e+04
6.991337258925099741e+04
6.924653790858476714e+04
6.861694161165402329e+04
6.802499017749243649e+04
6.746920126728279865e+04
6.694813594313012436e+04
6.646044610771931184e+04
6.600472879500687122e+04
6.557937016660223890e+04
6.518191156047631375e+04
6.480985201616409176e+04
6.446088662446895614e+04
6.413288029957329854e+04
6.382391145375882479e+04
6.353247642766772333e+04
6.325741223665978760e+04
6.299764470991119742e+04
6.275215458187801414e+04
6.251997372590324812e+04
6.230018519272439880e+04
6.209227355370335863e+04
6.189636560590445151e+04
6.171251084365933639e+04
6.154073727079279342e+04
6.138109916535214870e+04
6.123367412341295130e+04
6.109843273609705648e+04
6.097506704729626654e+04
6.086325917123295949e+04
6.076272327196700644e+04
6.067320232094605308e+04
6.059447092675714521e+04
6.052630598431783437e+04
6.046813556760429492e+04
6.041928763314875687e+04
6.037911240476102830e+04
6.034698099671124510e+04
6.032228404742425482e+04
6.030445547809028358e+04
6.029339265674023773e+04
6.028938062741790782e+04
6.029270961908838217e+04
6.030366162339178845e+04
6.032250995211193367e+04
6.034951888183200936e+04
6.038499321821478225e+04
6.042937060883088270e+04
6.048308793151859572e+04
6.054656673427757050e+04
6.062021457715646102e+04
6.070442578664848406e+04
6.079956911216747540e+04
6.090559615488078998e+04
6.102198983501513430e+04
6.114822385905481497e+04
6.128378835755337786e+04
6.142818812579814403e+04
6.158094096679554059e+04
6.174155479610326438e+04
6.190928406643365452e+04
6.208321699178490962e+04
6.226244841562573856e+04
6.244607903440912924e+04
6.263321137802938756e+04
6.282294588828425185e+04
6.301433505594430608e+04
6.320604074145225604e+04
6.339649816719774390e+04
6.358410212628601585e+04
6.376719757323749218e+04
6.394406754206925689e+04
6.411291996046245185e+04
6.427187346838795202e+04
6.441894541006979853e+04
6.455203721160584246e+04
6.466891145322114608e+04
6.476716757335163857e+04
6.484421371990938496e+04
6.489723248518229957e+04
6.492284221452592465e+04
6.491639771127048880e+04
6.487251731589781411e+04
6.478508504433355847e+04
6.464705083241267857e+04
6.445016040524858545e+04
6.418446460183204908e+04
6.383695457064267976e+04
6.339106223378827417e+04
6.282598791439340857e+04
6.211468701824595337e+04
6.122052521274890023e+04
6.009348769332500524e+04
5.865866943967074621e+04
5.677403245041810442e+04
5.411733880962018884e+04
4.975274533439288643e+04
1.651161172864133846e+02
1.683465144826240873e+02
1.716041249090056908e+02
1.748824489457971367e+02
1.781736556712941137e+02
1.814678572305859916e+02
1.847519430025684244e+02
1.880100415376461740e+02
1.912231838677584221e+02
1.943685603909225392e+02
1.974184678773212909e+02
2.003387676914185533e+02
2.030886101642346091e+02
2.056292578236280519e+02
2.079175978549520210e+02
2.098994015816411434e+02
2.115052492240517381e+02
2.126444445180861464e+02
2.131954230674187443e+02
2.129896859320702447e+02
2.117644224475425858e+02
2.090093550928019965e+02
2.035645501225236842e+02
1.905431791564683692e+02
1.492826741715974777e+02
1.445784843402516628e+02
1.438183542050888377e+02
1.445767877070097427e+02
1.462178136096669050e+02
1.484642492377022052e+02
1.511658733645396637e+02
1.542298622750477932e+02
1.575929507725109886e+02
1.611997353480112167e+02
1.650086882229543903e+02
1.689989886260248966e+02
1.731623934745857696e+02
1.775004400205646107e+02
1.820174675210328132e+02
1.867054219307883329e+02
1.915531326040827480e+02
1.965487881639170951e+02
2.016814052677789277e+02
2.069499725775180536e+02
2.123589081746399643e+02
2.179142805049316962e+02
2.236233365593356268e+02
2.294909519044358035e+02
2.355208808363290132e+02
2.417161542297016581e+02
2.480793519477394398e+02
2.546203173510515683e+02
2.613573183840618412e+02
2.683096632199413420e+02
2.754971345001978307e+02
2.829238891272585192e+02
2.905691816104628060e+02
2.984080285619239703e+02
3.064146214158723183e+02
3.145877470046691542e+02
3.229634170488323548e+02
3.315805771723395878e+02
3.404814543761814889e+02
3.496826696731009747e+02
3.591399532916059911e+02
3.687979215529967973e+02
3.786004345721962636e+02
3.885272889600997246e+02
3.986266877313750570e+02
4.089546564787336251e+02
4.195704953441959333e+02
4.305164263727809839e+02
4.417518726562508959e+02
4.532126597797901582e+02
4.648339456826614651e+02
4.765622822195055619e+02
4.883969372067923587e+02
5.003576552775803634e+02
5.124628140197096400e+02
5.247295588688070893e+02
5.372071069752278163e+02
5.491087488021848912e+02
4.943056592383252337e+02
4.530972689488517062e+02
4.243865325583463459e+02
4.059156754080224800e+02
3.927638928094179391e+02
3.799459851635130576e+02
3.672004280867715238e+02
3.563389049986612349e+02
3.471918887318963698e+02
3.383723181999268945e+02
3.294310076365204623e+02
3.207397930891049782e+02
3.124401348414298809e+02
3.043796951026966440e+02
2.964877772879594318e+02
2.888416369779671982e+02
2.814782035387176506e+02
2.743277432620607215e+02
2.673395982297537898e+02
2.605496042738378719e+02
2.539907982292006068e+02
2.476308007436881553e+02
2.414306218495332814e+02
2.353962941741584132e+02
2.295451821713028835e+02
2.238678193177237006e+02
2.183440018382100618e+02
2.129679602563410015e+02
2.077426098008390909e+02
2.026664197161273364e+02
1.977340432809631352e+02
1.929382220573800737e+02
1.882698002662170609e+02
1.837252303744176913e+02
1.793092432763991155e+02
1.750205433947828624e+02
1.708444873835765065e+02
1.667715983743640606e+02
1.628103498174505432e+02
1.589667586527129970e+02
1.552263474138667050e+02
1.515740503736194569e+02
1.480164203854835705e+02
1.445645324451322722e+02
1.412095843678841618e+02
1.379351363058685820e+02
1.347410897592725689e+02
1.316370772514440546e+02
1.286212869236694871e+02
1.256821748110516523e+02
1.228152668529966576e+02
1.200246204613213763e+02
1.173108414246576956e+02
1.146682858839573527e+02
1.120927438738674624e+02
1.095842620892409514e+02
1.071428084110387147e+02
1.047663226283244313e+02
1.024524276725148582e+02
1.001989222170372926e+02
9.800389507587010485e+01
9.586672209916811482e+01
9.378711564980484638e+01
9.176293485065605182e+01
8.979114381091008568e+01
8.787078920956878392e+01
8.600254099754195636e+01
8.418591541578132365e+01
8.241907969125668387e+01
8.069851039994138375e+01
7.901805160732423872e+01
7.738003063889425448e+01
7.580690476911527753e+01
7.429927417878181473e+01
7.277354704107263217e+01
7.116094616319823274e+01
6.954772828538995100e+01
6.804014390518614164e+01
6.653194881675224792e+01
6.483679751502899080e+01
6.298685383414871097e+01
6.115689666100831090e+01
5.937227025287923965e+01
5.750935017451574538e+01
5.551574716365639972e+01
5.345060317799143235e+01
5.137779511726309778e+01
4.935658124034264915e+01
4.742688139406338621e+01
4.557763563995590772e+01
4.379083464500524059e+01
4.207098148660619330e+01
4.042830753551906753e+01
3.885296797020485116e+01
3.732516569807349782e+01
3.584715551542373646e+01
3.444063368089457100e+01
3.310470081653839713e+01
3.180453033983696898e+01
3.052391394955232684e+01
2.929757871000586888e+01
2.815176110478538263e+01
2.704731759469760988e+01
2.593706827459064357e+01
2.484363098942417025e+01
2.382011241422480907e+01
2.285718323788150386e+01
2.189143116590467741e+01
2.090473499244138011e+01
1.995235923336963779e+01
1.906643500220618392e+01
1.819498031272136274e+01
1.728474680535706298e+01
1.635205517708876499e+01
1.543768344501670597e+01
1.455679537689055003e+01
1.370496639030896446e+01
1.287296037502756718e+01
1.204447551124744997e+01
1.121987537170550908e+01
1.045336557478505135e+01
9.801407956356548823e+00
9.327845642507279322e+00
9.093700937838301357e+00
9.064982518747415341e+00
9.104848159477429093e+00
9.111714396093312018e+00
9.099672532623179322e+00
9.103821108939881057e+00
9.130748886075929605e+00
9.170228084939154201e+00
9.216927689016523928e+00
9.274309088968385240e+00
9.346188855492009395e+00
9.432848861513651428e+00
9.533277871405749337e+00
9.647681308807408485e+00
9.777920980002344109e+00
9.925876875132821908e+00
1.009235806350678111e+01
1.027783941649113864e+01
1.048332294499871686e+01
1.071064126323076593e+01
1.096178878857502781e+01
1.123843249804228961e+01
1.154210254403045433e+01
1.187454889571045946e+01
1.223797378152189985e+01
1.263483053521345845e+01
1.306772687748006057e+01
1.353940229399868045e+01
1.405280773439630160e+01
1.461107026662488906e+01
1.521750177136770787e+01
1.587571289983040046e+01
1.659059686266726885e+01
1.736857143529632452e+01
1.821699668306858655e+01
1.914398191830371943e+01
2.015868953488570980e+01
2.127178479840492642e+01
2.249616400886434064e+01
2.384716868270131584e+01
2.534270742820075029e+01
2.700321479712723871e+01
2.885225626248013242e+01
3.091766131180668253e+01
3.323294885969583845e+01
3.583881835192077858e+01
3.878350711980791488e+01
4.211108890075622924e+01
4.585566944940077860e+01
5.005020946088836808e+01
5.472575469352868538e+01
5.991045691563108022e+01
6.562707246283072493e+01
7.188940508190802348e+01
7.869812257581516235e+01
8.603551056659755147e+01
9.386127963174125455e+01
1.021075360130289340e+02
1.106748037450695961e+02
1.194516078173780755e+02
1.283374595704648584e+02
1.372161405966164125e+02
1.459522739495748453e+02
1.543931603136178126e+02
1.623714575548692665e+02
1.697089583544205595e+02
1.762216386004193680e+02
1.817250993625863202e+02
1.860413995886931389e+02
1.890096335348152365e+02
1.905830531530524183e+02
1.908575057039837191e+02
1.899718081256240794e+02
1.880932194740658758e+02
1.854084070983274160e+02
1.821149040881871599e+02
1.784137241244250447e+02
1.745035541998308304e+02
1.705768107584529503e+02
1.668141166328338727e+02
1.632916239432170187e+02
1.599786633149224713e+02
1.568409366302149408e+02
1.538456026012210600e+02
1.509610905906539529e+02
1.481569897011712840e+02
1.454039151735495352e+02
1.426738517073431467e+02
1.399402774140998531e+02
1.371882936372484210e+02
1.344288363305009568e+02
1.316757557747461931e+02
1.289420854716052247e+02
1.262404004629769219e+02
1.235830006555147946e+02
1.209820194834025244e+02
1.184490021801087067e+02
1.159944155896663460e+02
1.136218387185830636e+02
1.113255838223176966e+02
1.090998016929745660e+02
1.069391782007724885e+02
1.048386226261745833e+02
1.027930610417681834e+02
1.007973135611368178e+02
9.884603850811319603e+01
9.693457142633653234e+01
9.506291595010620199e+01
9.323272871217155000e+01
9.144571550972354146e+01
8.970364673563723557e+01
8.800827747669691803e+01
8.636124341495300882e+01
8.476401992236183958e+01
8.321819126755957541e+01
8.172783351653643535e+01
8.029827322800129252e+01
7.893459785302110276e+01
7.764167156959068450e+01
7.642417629727890471e+01
7.528666026787104215e+01
7.423359473371549200e+01
7.326860103886480147e+01
7.238860943336700871e+01
7.158755318555522251e+01
7.085966512321526523e+01
7.019945736331111164e+01
6.960168306382863079e+01
6.906130191882868985e+01
6.857344848390660275e+01
6.813294532899134026e+01
6.773304184191326272e+01
6.736670163476604500e+01
6.702696952260964736e+01
6.670694907967016718e+01
6.639978675666947083e+01
6.609866263228828132e+01
6.579690737812754264e+01
6.549148648905534742e+01
6.518353126088501881e+01
6.487439918995053745e+01
6.456544185875470987e+01
6.425800409650960887e+01
6.395342344387657363e+01
6.365302992590527964e+01
6.335788774562598036e+01
6.306800616458563979e+01
6.278312958144357481e+01
6.250300561307718539e+01
6.222738499290347391e+01
6.195602147636416390e+01
6.168867175444321305e+01
6.142499242736870713e+01
6.116338237336868389e+01
6.090140735714583542e+01
6.063663597402788952e+01
6.036665744592126259e+01
6.008908468027405547e+01
5.980155828778308091e+01
5.950162914286728011e+01
5.918219181054582378e+01
5.883021489890773381e+01
5.843255074780103087e+01
5.797645276664362513e+01
5.744971568010477370e+01
5.684084225899268716e+01
5.613926528122086523e+01
5.534090304323433429e+01
5.445384453565969096e+01
5.348779320035121998e+01
5.245245236268694811e+01
5.135741732523572267e+01
5.021207878538918123e+01
4.902553838578471357e+01
4.780751308492158813e+01
4.657039422788361094e+01
4.532630227961704605e+01
4.408632710887071227e+01
4.286052301883717064e+01
4.165792888897604485e+01
4.048660979123736325e+01
3.935243429590444464e+01
3.825396142494079044e+01
3.718769648886826218e+01
3.615043545096696676e+01
3.513924938917190843e+01
3.415146975184004674e+01
3.318467553588934749e+01
3.223690159770214336e+01
3.130808244921802341e+01
3.039893174233346684e+01
2.951006384711443786e+01
2.864199368560835879e+01
2.779514210594284407e+01
2.696984135568557761e+01
2.616624731639340240e+01
2.538332626462771557e+01
2.461938497688148786e+01
2.387288289705527333e+01
2.314243908358866264e+01
2.242682461081224687e+01
2.172495559959802947e+01
2.103590944318668932e+01
2.035939205214818060e+01
1.969563975633043285e+01
1.904488686126474661e+01
1.840734278830982973e+01
1.778319226798591757e+01
1.717259558914217266e+01
1.657569209005130872e+01
1.599285351301405100e+01
1.542481443027762111e+01
1.487221750140546206e+01
1.433557425760596793e+01
1.381527468186795815e+01
1.331159687277406256e+01
1.282471667256795733e+01
1.235461845520505797e+01
1.190079384172253896e+01
1.146263273966845020e+01
1.103955769317081881e+01
1.063102182032793408e+01
1.023650685910829061e+01
9.855521322120942784e+00
9.487602441523172558e+00
9.132405625305020536e+00
8.789689020232774652e+00
8.459200330608684482e+00
8.140673256352512155e+00
7.833829632723573688e+00
7.538381442042298097e+00
7.254032697195452073e+00
6.980464123610180316e+00
6.717198738556786175e+00
6.463707620118714914e+00
6.219506717243346472e+00
5.984154003549480016e+00
5.757245854930984841e+00
5.538413667835905940e+00
5.327320643068725659e+00
5.123678470057797085e+00
4.927510933495540257e+00
4.739011613732501793e+00
4.558289970878142583e+00
