8.368403966297782608e+04
6.352010535911122133e+04
4.781380192580234871e+04
3.825213755053973000e+04
3.201640288313154815e+04
2.767388946965302603e+04
2.449631035978814543e+04
2.207907815156650759e+04
2.018473747978965184e+04
1.866495962143037832e+04
1.742242052983601025e+04
1.638973303408592619e+04
1.552105160671924932e+04
1.478223903594668445e+04
1.414794267248528377e+04
1.359939138828536306e+04
1.312212164075410510e+04
1.270413696556946888e+04
1.233693051141974684e+04
1.201293093837140441e+04
1.172612925206799264e+04
1.147177349063448128e+04
1.124585754575436658e+04
1.104500635837554182e+04
1.086636807492353728e+04
1.070752790207376165e+04
1.056644925293924280e+04
1.044141822815178602e+04
1.033095373050910894e+04
1.023376310223964720e+04
1.014870301136242415e+04
1.007477281544170182e+04
1.001110335962519457e+04
9.956936101808949388e+03
9.911606713418865183e+03
9.874534143795281125e+03
9.845204353977163919e+03
9.823156918115588269e+03
9.807974791884269507e+03
9.799284729395771137e+03
9.796753338515765790e+03
9.800082675006307909e+03
9.809006357576057781e+03
9.823286191016180965e+03
9.842709147541178027e+03
9.867084744872483498e+03
9.896242721111080755e+03
9.930030984685938165e+03
9.968313802049111473e+03
1.001097019282627843e+04
1.005789250223853924e+04
1.010898493898177003e+04
1.016416235054590470e+04
1.022334948666897253e+04
1.028648012135421413e+04
1.035349624284750462e+04
1.042434732351823732e+04
1.049898965930550003e+04
1.057738576963119885e+04
1.065950384981898060e+04
1.074531767871157354e+04
1.083480735236964574e+04
1.092795816577897313e+04
1.102476003786517140e+04
1.112520722417028810e+04
1.122929826875034087e+04
1.133703566539256099e+04
1.144842533098632703e+04
1.156347483581330926e+04
1.168219173091606172e+04
1.180458518654274121e+04
1.193066596076432870e+04
1.206044617432737323e+04
1.219393910695765044e+04
1.233116024685053526e+04
1.247212934254969696e+04
1.261686798774383169e+04
1.276539892010813674e+04
1.291774594214298122e+04
1.307393486228906477e+04
1.323399276802929126e+04
1.339794822924675282e+04
1.356583219151056983e+04
1.373767802411146113e+04
1.391352138427940736e+04
1.409339861814140386e+04
1.427734766319781374e+04
1.446540898730008303e+04
1.465762571895670408e+04
1.485404593934022341e+04
1.505472622902259172e+04
1.525972627984263454e+04
1.546910788075137134e+04
1.568293560147413154e+04
1.590127064124370372e+04
1.612417538382522980e+04
1.635171850681251090e+04
1.658397543897797732e+04
1.682103027217272756e+04
1.706297121049382258e+04
1.730988482789052432e+04
1.756185588295936759e+04
1.781897069854680740e+04
1.808132521299574364e+04
1.834902546318990426e+04
1.862218611769843119e+04
1.890091895962870694e+04
1.918531244599048659e+04
1.947544470204690515e+04
1.977138915454063317e+04
2.007321406790890251e+04
2.038098001614235545e+04
2.069473845667532441e+04
2.101453038110530906e+04
2.134041674430037529e+04
2.167248075095889362e+04
2.201081203302882932e+04
2.235549306444309696e+04
2.270652201524253906e+04
2.306385016494489901e+04
2.342741762441541869e+04
2.379722011433450098e+04
2.417336784892627838e+04
2.455599775478083757e+04
2.494525430780075112e+04
2.534118775319140696e+04
2.574376127743967299e+04
2.615293070035960045e+04
2.656867357094266117e+04
2.699108063078316991e+04
2.742027901599312463e+04
2.785639920512189929e+04
2.829953888495427964e+04
2.874975219220909639e+04
2.920713113964337754e+04
2.967179432507420643e+04
3.014387638841843727e+04
3.062352519619481245e+04
3.111090085542949964e+04
3.160619814396134097e+04
3.210968282231361445e+04
3.262163657007197980e+04
3.314234193064907595e+04
3.367200009724008123e+04
3.421074843769412837e+04
3.475873337180857197e+04
3.531612853080311470e+04
3.588317829439500201e+04
3.646012885680743057e+04
3.704722479575304169e+04
3.764454578357485298e+04
3.825196534228642849e+04
3.886931114381420775e+04
3.949645742063682701e+04
4.013366132137933164e+04
4.078132678020004096e+04
4.143989959566659672e+04
4.210945227174531465e+04
4.278960975541941298e+04
4.347992250717816205e+04
4.418009995309888473e+04
4.489058013443269738e+04
4.561200697331227275e+04
4.634504300530634646e+04
4.708976199553345214e+04
4.784572517136289389e+04
4.861243999094833271e+04
4.938966223469225224e+04
5.017785329391948471e+04
5.097761099128019123e+04
5.178951196645721211e+04
5.261358667913873069e+04
5.344948685951862717e+04
5.429677244363069622e+04
5.515519827518166130e+04
5.602493685948682833e+04
5.690620352736967470e+04
5.779916437674860208e+04
5.870364336061171343e+04
5.961929236886131548e+04
6.054571048023302865e+04
6.148252776313104550e+04
6.242944127877056599e+04
6.338613144436377479e+04
6.435236563513242436e+04
6.532816075638320763e+04
6.631359526502652443e+04
6.730874724299510126e+04
6.831336112839923589e+04
6.932676800808681583e+04
7.034824213544733357e+04
7.137719499754041317e+04
7.241393360988360655e+04
7.345909912642143900e+04
7.451335967525681190e+04
7.557669993821535900e+04
7.664778763303463347e+04
7.772508813209383516e+04
7.880712862695947115e+04
7.989401179248078552e+04
8.098706932933881762e+04
8.208771065525480662e+04
8.319704912520207290e+04
8.431372028901246085e+04
8.543522274420973554e+04
8.655896715671713173e+04
8.768302841503317177e+04
8.880806380567282031e+04
8.993526324372134695e+04
9.106580280405913072e+04
9.220017203345558664e+04
9.333591745272481057e+04
9.446974383921330445e+04
9.559832890761319140e+04
9.671873551288935414e+04
9.783034322713364963e+04
9.893338259093547822e+04
1.000281548094296159e+05
1.011151553692227753e+05
1.021941081543467299e+05
1.032632254614645208e+05
1.043206245905220712e+05
1.053645499660031201e+05
1.063934029757352982e+05
1.074059912418933091e+05
1.084021053448893945e+05
1.093817595077610749e+05
1.103452584704780893e+05
1.112930856926962297e+05
1.122257453559120622e+05
1.131437555823397415e+05
1.140474858025999565e+05
1.149371480761827406e+05
1.158130395205501845e+05
1.166755520529884525e+05
1.175251456151150633e+05
1.183621828635528218e+05
1.191869766058133682e+05
1.199998648102488805e+05
1.208012034085358173e+05
1.215913590744902031e+05
1.223707160322534037e+05
1.231396686452176655e+05
1.238985926792558312e+05
1.246478384566628956e+05
1.253877231155493355e+05
1.261185397754970472e+05
1.268405603339791560e+05
1.275540366028537537e+05
1.282592014598090464e+05
1.289562699966863584e+05
1.296454406506435771e+05
1.303268502586962859e+05
1.310003049064902152e+05
1.316654560410971753e+05
1.323219288536405656e+05
1.329693225368917047e+05
1.336072099264459102e+05
1.342351370248009334e+05
1.348526224264159682e+05
1.354592569114760554e+05
1.360556370223747799e+05
1.366429752197938215e+05
1.372225194937881897e+05
1.377955455636330298e+05
1.383633563191331050e+05
1.389272810329661879e+05
1.394886743376798404e+05
1.400489279914470972e+05
1.406095697040503146e+05
1.411722076706018997e+05
1.417384709558372560e+05
1.423100062049713160e+05
1.428884747373799910e+05
1.434755495979924162e+05
1.440729126058076508e+05
1.446817175528632652e+05
1.452997661325385270e+05
1.459235528282346786e+05
1.465495375385090592e+05
1.471741206636006245e+05
1.477936149573557195e+05
1.484042164464035013e+05
1.490019738337000017e+05
1.495833999794212286e+05
1.501480171669519041e+05
1.506963095265960437e+05
1.512287911396404379e+05
1.517460069809513807e+05
1.522485342197474092e+05
1.527369877784871496e+05
1.532120341441932833e+05
1.536754723125436576e+05
1.541317803831161000e+05
1.545859649754430284e+05
1.550431531593711989e+05
1.555085475244128611e+05
1.559873816522245470e+05
1.564848779894686595e+05
1.570061663884888112e+05
1.575554251527211163e+05
1.581359608000234875e+05
1.587509969115038693e+05
1.594036912353723310e+05
1.600971219705228286e+05
1.608342746043426450e+05
1.616180291762769630e+05
1.624510810431442223e+05
1.633352380402613780e+05
1.642717335112422879e+05
1.652617215112481790e+05
1.663062772755581827e+05
1.674063882309187902e+05
1.685629438702079060e+05
1.697767244176895474e+05
1.710483675392075966e+05
1.723772185892991256e+05
1.737608354142665630e+05
1.751967656460589787e+05
1.766827089776673238e+05
1.782164490342104400e+05
1.797958351872973144e+05
1.814187677253617439e+05
1.830831841950119415e+05
1.847870961393642065e+05
1.865296038033390942e+05
1.883108567377672589e+05
1.901309266116905783e+05
1.919897432502413285e+05
1.938868960194720712e+05
1.958212115483281959e+05
1.977910974055622937e+05
1.997946153436720488e+05
2.018297336466097331e+05
2.038957220420417143e+05
2.059924004205996462e+05
2.081195478264937410e+05
2.102757288250330312e+05
2.124559604881168634e+05
2.146540386888949142e+05
2.168637818500996800e+05
2.190835136405991507e+05
2.213137429706824187e+05
2.235538798055014049e+05
2.257948784820029978e+05
2.280225882600036857e+05
2.302242796477733355e+05
2.323964285476198711e+05
2.345381322745809739e+05
2.366435320597162936e+05
2.386969751626735379e+05
2.406832121062452206e+05
2.425956562095654954e+05
2.444318934807525075e+05
2.461858317821829114e+05
2.478461433708810073e+05
2.494041805711037887e+05
2.508569571311087639e+05
2.522029151564931381e+05
2.534397073062330310e+05
2.545663066881485574e+05
2.555850301958406053e+05
2.565003522610018845e+05
2.573177919168329972e+05
2.580441060365957092e+05
2.586876599228514242e+05
2.592580638965737307e+05
2.597664720478108211e+05
2.602246410236390366e+05
2.606416733964780287e+05
2.610237312052755151e+05
2.613739796625964227e+05
2.616941843634296674e+05
2.619854780547388073e+05
2.622510815442588646e+05
2.624946061330906232e+05
2.627198540984998108e+05
2.629296456772756064e+05
2.631224489040450426e+05
2.632949641810152680e+05
2.634432635873291292e+05
2.635628493897658191e+05
2.636522191834117984e+05
2.637179461691465112e+05
2.637702865230868920e+05
2.638200310490122065e+05
2.638776034376751049e+05
2.639494532513546292e+05
2.640405820057719247e+05
2.641563940526648657e+05
2.642975960651943460e+05
2.644614576958551770e+05
2.646461169204612379e+05
2.648519294771541608e+05
2.650791551416050643e+05
2.653275465445622103e+05
2.655963725710880244e+05
2.658835480076641543e+05
2.661856998563079978e+05
2.664989289481118321e+05
2.668179859174782760e+05
2.671371463426676928e+05
2.674505931654833257e+05
2.677523915913408855e+05
2.680395691331743728e+05
2.683142925584940240e+05
2.685793128516214783e+05
2.688375223659232724e+05
2.690925996245659189e+05
2.693491205910950666e+05
2.696117653348520980e+05
2.698844883282684605e+05
2.701692980516140233e+05
2.704678271259855246e+05
2.707816312008994282e+05
2.711121869146873360e+05
2.714608898891975987e+05
2.718288457036218024e+05
2.722165032647040207e+05
2.726232828271796461e+05
2.730483722962617758e+05
2.734910184110009577e+05
2.739505202913479879e+05
2.744262236398195964e+05
2.749175155276717269e+05
2.754237869728024816e+05
2.759440936956444057e+05
2.764772599934697500e+05
2.770220851305288379e+05
2.775774099827291793e+05
2.781421727105213795e+05
2.787152862957169418e+05
2.792956307183670579e+05
2.798823462507311488e+05
2.804749757631798275e+05
2.810730657352071139e+05
2.816761325018968200e+05
2.822836631282317685e+05
2.828951161134235444e+05
2.835099219267225126e+05
2.841280841556228697e+05
2.847519996343505336e+05
2.853846437689525774e+05
2.860289517907075933e+05
2.866877952325982624e+05
2.873639368033837527e+05
2.880600784360574326e+05
2.887786534975932445e+05
2.895189640427246923e+05
2.902780672303859028e+05
2.910530116469746572e+05
2.918408773347609094e+05
2.926387640105821192e+05
2.934437802068918245e+05
2.942530318971884553e+05
2.950631763027691050e+05
2.958697823897651979e+05
2.966682126910411753e+05
2.974537638067640946e+05
2.982216513415501104e+05
2.989669963338841335e+05
2.996848131512477994e+05
3.003702252557118190e+05
3.010202540611692821e+05
3.016327769152997062e+05
3.022053926603336004e+05
3.027353439752812264e+05
3.032194572534356266e+05
3.036540726997624733e+05
3.040349366749639739e+05
3.043564675144376815e+05
3.046117229594227974e+05
3.047931332461224520e+05
3.048924531613936997e+05
3.049006534837539657e+05
3.048077921635168022e+05
3.046029351490614936e+05
3.042762381682686973e+05
3.038198512252650107e+05
3.032256099301206996e+05
3.024849202935761423e+05
3.015888591448452789e+05
3.005283542121889186e+05
2.992932512309232843e+05
2.978648873370928923e+05
2.962205459537928109e+05
2.943374516661278903e+05
2.921932267881298321e+05
2.897683567566067795e+05
2.870595187833862146e+05
2.841395320934569463e+05
2.811295639876525966e+05
2.781438835036990349e+05
2.752744741002691444e+05
2.725965268716013525e+05
2.701404215428092284e+05
2.678558011804799899e+05
2.656902584065795527e+05
2.635979978010430350e+05
2.615383132531324518e+05
2.594691335967344639e+05
2.573651775246507314e+05
2.552426718708879198e+05
2.531208313244718302e+05
2.510185397779220948e+05
2.489650521455618727e+05
2.469932137419354694e+05
2.451227228546508704e+05
2.433594693134092377e+05
2.417055098104607314e+05
2.401539060893020651e+05
2.386956588797748263e+05
2.373231654610634432e+05
2.360288785849926935e+05
2.348049276709455298e+05
2.336449593051423726e+05
2.325469604042061837e+05
2.315099252489718783e+05
2.305324295811818447e+05
2.296126317766400462e+05
2.287483101524333761e+05
2.279370693911775015e+05
2.271763123894683376e+05
2.264621490721969749e+05
2.257900331543443317e+05
2.223702402707655565e+05
2.127706570837249747e+05
2.037102254576557898e+05
1.951236021521016955e+05
1.869436588211136695e+05
1.791176312029698165e+05
1.716428642185238714e+05
1.645401627909939270e+05
1.578231372852651111e+05
1.514800012583536445e+05
1.454596332133035758e+05
1.397138441628064320e+05
1.342046304164177564e+05
1.289281367754083913e+05
1.238965788431346882e+05
1.191180507042243407e+05
1.145905589293008379e+05
1.102879952376398724e+05
1.061825403944502177e+05
1.022503350362852507e+05
9.847826185743625683e+04
9.486784480107089621e+04
9.142059728082788934e+04
8.813643616149394074e+04
8.500858343393247924e+04
8.202322295150837454e+04
7.916758785353238636e+04
7.643042063896665059e+04
7.380445464934702613e+04
7.128673015299464168e+04
6.887435000083933119e+04
6.656420209903338400e+04
6.435204967792763637e+04
6.223191459010029212e+04
6.019804659966779582e+04
5.824512955376491300e+04
5.636829319164291519e+04
5.456321738659174298e+04
5.282593342896913964e+04
5.115288594473921694e+04
4.954093265294469893e+04
4.798786359688026278e+04
4.649209564948156185e+04
4.505200124370742560e+04
4.366590739938043407e+04
4.233167699930118397e+04
4.104565050488715497e+04
3.980413946790612681e+04
3.860381325127460150e+04
3.744175731750514387e+04
3.631654737789352657e+04
3.522848373880887084e+04
3.417780396190853207e+04
3.316454419818488532e+04
3.218851738021932761e+04
3.124800354080773104e+04
3.033987058627297301e+04
2.946121332309977151e+04
2.860941080764327853e+04
2.778216992794290854e+04
2.697877814423499876e+04
2.620003607749979346e+04
2.544664000652319010e+04
2.471911008752908674e+04
2.401780089390257126e+04
2.334205302053274863e+04
2.268963141178413935e+04
2.205834508270285733e+04
2.144619997549863547e+04
2.085138064611991285e+04
2.027255841844848692e+04
1.970995924682906116e+04
1.916417142454940404e+04
1.863566959420579224e+04
1.812482412261058926e+04
1.763188883919377622e+04
1.715632946621183146e+04
1.669668281895206746e+04
1.625144441702280710e+04
1.581924387431864852e+04
1.539884075574850249e+04
1.498919841197474670e+04
1.459005978442641390e+04
1.420150334988400209e+04
1.382357325975085587e+04
1.345630581540417370e+04
1.309984179476239115e+04
1.275423923388424919e+04
1.241906814628567918e+04
1.209378454653845620e+04
1.177788058290506342e+04
1.147087975842792912e+04
1.117233442099880449e+04
1.088187410883709890e+04
1.059928028077320050e+04
1.032430000732359986e+04
1.005670325840589794e+04
9.796288162447435752e+03
9.542877320010209587e+03
9.296294631592465521e+03
9.056240485939204518e+03
8.822366288920489751e+03
8.594271489614558959e+03
8.371469370625274678e+03
8.153499748139722215e+03
7.939940296328934892e+03
7.730424597227472077e+03
7.524639980007756094e+03
7.322305192688427269e+03
7.123171012052556762e+03
6.927026866692889598e+03
6.733710017627518027e+03
6.543103984035774374e+03
6.355146279839085764e+03
6.169800112972617171e+03
5.987042383979210172e+03
5.806858949854255115e+03
5.629238589426429826e+03
5.454076004414718227e+03
5.281115219330237778e+03
5.110095850324651110e+03
4.940804451947782582e+03
4.773078268045138429e+03
4.606804449660464343e+03
4.441917862769447311e+03
4.278400608368953726e+03
4.116319929170445903e+03
3.955794978586251545e+03
3.796945812214176385e+03
3.639892929818367065e+03
3.484758373294490411e+03
3.331666732993376627e+03
3.180743112435759485e+03
3.032084921388423481e+03
2.885779032332854058e+03
2.741928624152387783e+03
2.600653729823708090e+03
2.462088541767976949e+03
2.326379007518261915e+03
2.193681601765355481e+03
2.064172528892440823e+03
1.938069427084295739e+03
1.815661392624788050e+03
1.697216139173635611e+03
1.582963385168355444e+03
1.473094280311229113e+03
1.367760876639385970e+03
1.267072099930001286e+03
1.171097674890872668e+03
1.079900344412354571e+03
9.935259940379305590e+02
9.119815744747871804e+02
8.352386089246552956e+02
7.632371524610588267e+02
6.958901273578711653e+02
6.330869435593140224e+02
5.746937948946620054e+02
5.205556692176679690e+02
4.705033767385567103e+02
4.243570847861718676e+02
3.819287219526058834e+02
3.430241342904299700e+02
3.074447111516918767e+02
2.749906785874728143e+02
2.454683169521477453e+02
2.186893427388840792e+02
1.944669723848994067e+02
1.726176489583559430e+02
1.529625409804785079e+02
1.353286675343323395e+02
1.195497960690794343e+02
1.054676155597399827e+02
9.293335677984856602e+01
8.180587912595917999e+01
7.195168125519283819e+01
6.324548096957815346e+01
5.557054162290855714e+01
4.881878410790591261e+01
4.289071814015067474e+01
3.769534772806478884e+01
3.314993970766315812e+01
2.917924017385278646e+01
2.571508287997757236e+01
2.269604901200013813e+01
2.006703013680507297e+01
1.777880148646857705e+01
1.578759364545033606e+01
1.405466012355355154e+01
1.254586374617084310e+01
1.123125278879508748e+01
1.008461395273857519e+01
9.083097835212944560e+00
8.206863653654345114e+00
7.438744475246994448e+00
6.763929598368034313e+00
6.169671137961030283e+00
5.645018722670656963e+00
5.180581305222749400e+00
4.768307808779015389e+00
4.401300091030270423e+00
4.073655902043721966e+00
3.780311795979844014e+00
3.516916711242835891e+00
3.279733429728103111e+00
3.065560356263032027e+00
2.871640999916317494e+00
2.695590509315902938e+00
2.535315541217701085e+00
2.388991998821986762e+00
2.255041846618797585e+00
2.132117034341251660e+00
2.019054718777941737e+00
1.914836923055998730e+00
1.818555817795043605e+00
1.729405692050579368e+00
1.646681510606779808e+00
1.569789279239450996e+00
1.498211735870734973e+00
1.431477388336657830e+00
1.369130546610733745e+00
1.310759716585835344e+00
1.256010236064944330e+00
1.204585656034628194e+00
1.156222389525944694e+00
1.110676267935130745e+00
1.067719956622462218e+00
1.027149243884708518e+00
9.887906649689504057e-01
9.524911782069310773e-01
9.181068929660854971e-01
8.854960192762333371e-01
8.545282242192746569e-01
8.250867211689854042e-01
7.970669648456274459e-01
7.703739962717534029e-01
7.449219923972495438e-01
7.206324974978252085e-01
6.974339401223469403e-01
6.752614061032979897e-01
6.540549137656063161e-01
6.337602625759075625e-01
6.143280540234145048e-01
5.957100226496612194e-01
5.778544178228224304e-01
5.607125730284818754e-01
5.442443889371212373e-01
5.284170460615802423e-01
5.131991014474849289e-01
4.985569151545935496e-01
4.844580592801007723e-01
4.708766845070818663e-01
4.577936433729467569e-01
4.451893298098532625e-01
4.330366305898167845e-01
4.213076777505218584e-01
4.099805401838663710e-01
3.990399133287291233e-01
3.884709794724416909e-01
3.782558226940614943e-01
3.683762677171344424e-01
3.588176092608468259e-01
3.495692109492682942e-01
3.406205307183750031e-01
3.319580006854698784e-01
3.235676031465493652e-01
3.154371284175617185e-01
3.075563521463358096e-01
2.999155851658840688e-01
2.925052635346952479e-01
2.853161959045443230e-01
2.783398252909966564e-01
2.715682380917365801e-01
2.649940216224337952e-01
2.586105269478243263e-01
2.524114851740399401e-01
2.463898910977271872e-01
2.405379838680300475e-01
2.348488361061307483e-01
2.293178205989606921e-01
2.239408506340856420e-01
2.187123064899499925e-01
2.136253780263689117e-01
2.086742788328266596e-01
2.038556875530916079e-01
1.991667045655302615e-01
1.946026756367535693e-01
1.901578100538252047e-01
1.858276631440606563e-01
1.816106316111916197e-01
1.775051715439497080e-01
1.735070978052716262e-01
1.696110226555078981e-01
1.658127428048218333e-01
1.621098668878515336e-01
1.585001462671727646e-01
1.549805738233399899e-01
1.515479192134254194e-01
1.481996825478542057e-01
1.449342500501709929e-01
1.417498955199269772e-01
1.386441185005675425e-01
1.356142828039086645e-01
1.326578299850816323e-01
1.297722876079157039e-01
1.269554021121272469e-01
1.242053335762138694e-01
1.215203640732817059e-01
1.188987561824648431e-01
1.163387656228851569e-01
1.138389344293793959e-01
1.113983709574304509e-01
1.090160963121946103e-01
1.066899646930067752e-01
1.044173871143211085e-01
1.021964610435892873e-01
1.000261983285431894e-01
9.790559628428451011e-02
9.583309106784490550e-02
9.380701365048262075e-02
9.182659645769199186e-02
8.989192739355646167e-02
8.800256897238259435e-02
8.615645936500773705e-02
8.435138816297355069e-02
8.258607373578759347e-02
8.085984368551744905e-02
7.917189494478982237e-02
7.752110736005415892e-02
7.590641507032436230e-02
7.432726057808256015e-02
7.278328813023239585e-02
7.127381871998091090e-02
6.979776799003560572e-02
6.835408404613203814e-02
6.694184490983588753e-02
6.556019604673943291e-02
6.420839136624634236e-02
6.288577394064565063e-02
6.159168829736209189e-02
6.032544487689727591e-02
5.908637517570146380e-02
5.787398573922693940e-02
5.668787727398787862e-02
5.552746062012441086e-02
5.439183939141511298e-02
5.328017166273810168e-02
5.219190480965788664e-02
5.112658812277566522e-02
5.008373290756584773e-02
4.906281277838693555e-02
4.806331849844433513e-02
4.708477116563824366e-02
4.612670707269984210e-02
4.518867038709623724e-02
4.427021429044285250e-02
4.337090367798961815e-02
4.249031530745071145e-02
4.162803648968471659e-02
4.078366444084015330e-02
3.995680616281293424e-02
3.914707831202578203e-02
3.835410692679974004e-02
3.757752710054823586e-02
3.681698270817451712e-02
3.607212617171474955e-02
3.534261822714327567e-02
3.462812769045327949e-02
3.392833122971616183e-02
3.324291314740006331e-02
3.257156517151407055e-02
3.191398625305688630e-02
3.126988236960750317e-02
3.063896633537193173e-02
3.002095761755460557e-02
2.941558215873575285e-02
2.882257220491163743e-02
2.824166613898858313e-02
2.767260831956207950e-02
2.711514892478641275e-02
2.656904380112701247e-02
2.603405431681806576e-02
2.550994721984364139e-02
2.499649450027918718e-02
2.449347325683529086e-02
2.400066556744499813e-02
2.351785836375190272e-02
2.304484330935351044e-02
2.258141668167214580e-02
2.212737925731316294e-02
2.168253620079843569e-02
2.124669695654595944e-02
2.081967514399086366e-02
2.040128845572812891e-02
1.999135855858370087e-02
1.958971099750291683e-02
1.919617510216629214e-02
1.881058389623738517e-02
1.843277400915515479e-02
1.806258559038235317e-02
1.769986222603208911e-02
1.734445085778953469e-02
1.699620170405697836e-02
1.665496818324493575e-02
1.632060683914280177e-02
1.599297726830107430e-02
1.567194204935754009e-02
1.535736667424991014e-02
1.504911948125042982e-02
1.474707158976664573e-02
1.445109683685412254e-02
1.416107171538425955e-02
1.387687531381949849e-02
1.359838925754299453e-02
1.332549765169642637e-02
1.305808702548196150e-02
1.279604627787903591e-02
1.253926662473658915e-02
1.228764154720179448e-02
1.204106674143794360e-02
1.179944006960171113e-02
1.156266151203660421e-02
1.133063312064995845e-02
1.110325897343820631e-02
1.088044513012663417e-02
1.066209958889181679e-02
1.044813224413727523e-02
1.023845484528886074e-02
1.003298095658399815e-02
9.831625917452768357e-03
9.634306770266908015e-03
9.440942199261099718e-03
9.251452553099642762e-03
9.065759815618561895e-03
8.883787570669599010e-03
8.705460967791261995e-03
8.530706688683897115e-03
8.359452914466490234e-03
8.191629293695735017e-03
8.027166911125861032e-03
7.865998257191048754e-03
7.708057198189198489e-03
7.553278947150681745e-03
7.401600035374917771e-03
7.252958284613254293e-03
7.107292779887378932e-03
6.964543842921405541e-03
6.824653006176525406e-03
6.687562987468542892e-03
6.553217665157358082e-03
6.421562053892226202e-03
6.292542280897746830e-03
6.166105562789038312e-03
6.042200182901775497e-03
5.920775469124944269e-03
5.801781772222919069e-03
5.685170444636058681e-03
5.570893819746125519e-03
5.458905191598683107e-03
5.349158795066558288e-03
5.241609786448503915e-03
5.136214224488462599e-03
5.032929051808692107e-03
4.931712076744180009e-03
4.832521955570431155e-03
4.735318175114276891e-03
4.640061035740052423e-03
4.546711634699668846e-03
4.455231849841563042e-03
4.365584323666415328e-03
4.277732447724604155e-03
4.191640347345630506e-03
4.107272866691959005e-03
4.024595554131141749e-03
3.943574647916762814e-03
3.864177062173190964e-03
