2.986281465269534237e+04
3.448376881737876101e+04
3.170882202119907379e+04
2.809574263051509115e+04
2.491828720268853795e+04
2.233157118780747987e+04
2.025729321157536106e+04
1.858815924606203407e+04
1.723210268835174429e+04
1.611821023849616176e+04
1.519331981987737890e+04
1.441791049050572838e+04
1.376232040304566726e+04
1.320395387255979404e+04
1.272559759498071799e+04
1.231378591571732795e+04
1.195787345926392845e+04
1.164947714210208323e+04
1.138181804233732146e+04
1.114938740119939393e+04
1.094760630581187252e+04
1.077271140648731125e+04
1.062161172277744663e+04
1.049170849309071673e+04
1.038077571971805082e+04
1.028691639038298672e+04
1.020851303939503123e+04
1.014418550768231216e+04
1.009274869405744539e+04
1.005317706658159113e+04
1.002457986366274417e+04
1.000618093756697090e+04
9.997302186078584782e+03
9.997349807946671717e+03
1.000580288308442869e+04
1.002220351328689321e+04
1.004614840878911309e+04
1.007728257942665368e+04
1.011529348769319040e+04
1.015990599784313963e+04
1.021087804378945475e+04
1.026799689800543638e+04
1.033107594443900416e+04
1.039995185254131866e+04
1.047448198168483941e+04
1.055454220076803176e+04
1.064002457002947995e+04
1.073083446082715818e+04
1.082689013108133804e+04
1.092812174271419099e+04
1.103447021699971992e+04
1.114588624112455545e+04
1.126232993560249270e+04
1.138377249330581981e+04
1.151019369190759426e+04
1.164158000436522161e+04
1.177792358642108229e+04
1.191922131175189497e+04
1.206547219389651582e+04
1.221667220300067129e+04
1.237282044194344053e+04
1.253392133463734535e+04
1.269998514817396790e+04
1.287103005925603429e+04
1.304708270838996214e+04
1.322816911371552669e+04
1.341431192198048302e+04
1.360552950982001312e+04
1.380184141157269551e+04
1.400327676336134755e+04
1.420987491694382334e+04
1.442168496436371788e+04
1.463874807508319645e+04
1.486108799653361893e+04
1.508872056961674571e+04
1.532165668778088366e+04
1.555993486356631911e+04
1.580362081188793127e+04
1.605278903691352207e+04
1.630751443699210358e+04
1.656783687957360598e+04
1.683378135865603690e+04
1.710537044130928189e+04
1.738264615813499040e+04
1.766568425434644450e+04
1.795456412120412642e+04
1.824936116389976451e+04
1.855012304029836378e+04
1.885688565345877214e+04
1.916968437458259723e+04
1.948856359649201841e+04
1.981357791933018234e+04
2.014477965346111887e+04
2.048221592354827226e+04
2.082592466393082577e+04
2.117593969317432857e+04
2.153229134788949887e+04
2.189500563508403502e+04
2.226410393009160907e+04
2.263960290468524909e+04
2.302151613606541287e+04
2.340985364012347418e+04
2.380461986129526849e+04
2.420580854907807225e+04
2.461339930443455523e+04
2.502736224297434455e+04
2.544766746250452707e+04
2.587429881716108866e+04
2.630724013047132030e+04
2.674644888517360596e+04
2.719179714246045114e+04
2.764311550000076750e+04
2.810025170388068364e+04
2.856320309187687235e+04
2.903201326647205497e+04
2.950668289333197754e+04
2.998692910188735550e+04
3.047234491890577556e+04
3.096254511672967419e+04
3.145750620094876649e+04
3.195737757705094191e+04
3.246227976877422407e+04
3.297191082383801404e+04
3.348570309543721669e+04
3.400308848446072079e+04
3.452388985294165468e+04
3.504822810524890519e+04
3.557622114932153636e+04
3.610765336167693749e+04
3.664196118245804246e+04
3.717856029504787148e+04
3.771709110188359773e+04
3.825752316771044570e+04
3.879984709218119679e+04
3.934393257241237006e+04
3.988937383277184563e+04
4.043572816596214398e+04
4.098259242185575567e+04
4.152970778934608825e+04
4.207684580778556847e+04
4.262377027080245171e+04
4.317022996330266324e+04
4.371596038810638129e+04
4.426068592988327146e+04
4.480403606019201834e+04
4.534552447520140413e+04
4.588466755644529621e+04
4.642106762217252981e+04
4.695463088403623988e+04
4.748532310923835757e+04
4.801307645802044863e+04
4.853746837745498487e+04
4.905775846797746635e+04
4.957324522770754265e+04
5.008340034413061949e+04
5.058833954586485197e+04
5.108835032852346922e+04
5.158367919156346761e+04
5.207429027166565356e+04
5.255946695413119596e+04
5.303848019946762361e+04
5.351076961983971705e+04
5.397622873311488365e+04
5.443543777327700082e+04
5.488900596407906414e+04
5.533746144191375788e+04
5.578121664677310036e+04
5.622022873552073725e+04
5.665430768131642981e+04
5.708342268362509640e+04
5.750765767006386159e+04
5.792722821085141186e+04
5.834262751474427205e+04
5.875435185740046290e+04
5.916281404967856361e+04
5.956835092641288065e+04
5.997121773968480557e+04
6.037150987831100065e+04
6.076923556071990606e+04
6.116440446885486745e+04
6.155702291093927488e+04
6.194708663261504989e+04
6.233458360508244368e+04
6.271950014017899957e+04
6.310176706541235762e+04
6.348124792447344953e+04
6.385773742669351486e+04
6.423095814381859964e+04
6.460055248240643414e+04
6.496609476863919554e+04
6.532711799841884931e+04
6.568312986847583670e+04
6.603361611278055352e+04
6.637803615678343340e+04
6.671581065373096499e+04
6.704632510213735804e+04
6.736892501528747380e+04
6.768291683606010338e+04
6.798758542604491231e+04
6.828220574327991926e+04
6.856604593666798610e+04
6.883837705066491617e+04
6.909850270502682542e+04
6.934580508230839041e+04
6.957973638389403641e+04
6.979983091877706465e+04
7.000567696648197307e+04
7.019679779530671658e+04
7.037274841598761850e+04
7.053317954249479226e+04
7.067794740274810465e+04
7.080744310215167934e+04
7.092235226004030847e+04
7.102358213787568093e+04
7.111182073333206063e+04
7.118706580237219168e+04
7.124918108391141868e+04
7.129797636018443154e+04
7.133404191564470239e+04
7.135922885656954895e+04
7.137568658661308291e+04
7.138567935777093226e+04
7.139043441050457477e+04
7.138976747637163498e+04
7.138335701761262317e+04
7.137083175334009866e+04
7.135232827875785006e+04
7.132936286511890648e+04
7.130364443224783463e+04
7.127679912222782150e+04
7.125023449745861581e+04
7.122393978296982823e+04
7.119686158016244008e+04
7.116793628777470440e+04
7.113610084889382415e+04
7.110033356578506937e+04
7.106059973512290162e+04
7.101767406424251385e+04
7.097227442068717210e+04
7.092502033363311784e+04
7.087645181603731180e+04
7.082657361971309001e+04
7.077446930328648887e+04
7.071917569124122383e+04
7.066016059123452578e+04
7.059711386947295978e+04
7.052980335258900595e+04
7.045862429303850513e+04
7.038444466176946298e+04
7.030821018576127244e+04
7.023099099107645452e+04
7.015390308883084799e+04
7.007802927115137572e+04
7.000405681603598350e+04
6.993250897992380487e+04
6.986357799894077471e+04
6.979703154942729452e+04
6.973263344640810101e+04
6.967017380205003428e+04
6.960958957514670328e+04
6.955100294852264051e+04
6.949482864293179591e+04
6.944161175880636438e+04
6.939187207649662741e+04
6.934610061915984261e+04
6.930475823611019587e+04
6.926831998464609205e+04
6.923736230789018737e+04
6.921241680776425346e+04
6.919393391457619146e+04
6.918228367635818722e+04
6.917775967880758981e+04
6.918078279290589853e+04
6.919212037038778362e+04
6.921256505064027442e+04
6.924291375457282993e+04
6.928404356881484273e+04
6.933690541895681235e+04
6.940254205799593183e+04
6.948203827810897201e+04
6.957645413629474933e+04
6.968681499362473551e+04
6.981410433037453913e+04
6.995927309932054777e+04
7.012347702979344467e+04
7.030799758172982547e+04
7.051397552710399032e+04
7.074238958148533129e+04
7.099408062547098962e+04
7.126974015606772446e+04
7.156894409129886481e+04
7.189014752192978631e+04
7.223184423055815569e+04
7.259262180034593621e+04
7.297115306842922291e+04
7.336618754074622120e+04
7.377644810589333065e+04
7.420045280531517346e+04
7.463673420560537488e+04
7.508387611815988203e+04
7.554050270396399719e+04
7.600526838781134575e+04
7.647695184637315106e+04
7.695576706484216265e+04
7.744296888797785505e+04
7.793983906855664100e+04
7.844766231859115942e+04
7.896772588830335008e+04
7.950131919398857281e+04
8.004928961521509336e+04
8.061099410725435882e+04
8.118549387458006095e+04
8.177186605417984538e+04
8.236919708739081398e+04
8.297657668572358671e+04
8.359307394226390170e+04
8.421699496565273148e+04
8.484560479190346086e+04
8.547602518150075048e+04
8.610528014443319989e+04
8.673026577541347069e+04
8.734771951879946573e+04
8.795447541320649907e+04
8.855008670638925105e+04
8.913580367212742567e+04
8.971298674661613768e+04
9.028308246918894292e+04
9.084761892924166750e+04
9.140820082801862736e+04
9.196645869053316710e+04
9.252396933178596373e+04
9.308234622842344106e+04
9.364325366551385378e+04
9.420840265713706322e+04
9.477954670858616009e+04
9.535849791868140164e+04
9.594734209430037299e+04
9.654834863521368243e+04
9.716380743842510856e+04
9.779601454139825364e+04
9.844725954251179064e+04
9.911981073360537994e+04
9.981478546201193240e+04
1.005302328075552796e+05
1.012637016256904899e+05
1.020127479783659364e+05
1.027749211727629008e+05
1.035477497246345447e+05
1.043287121936178737e+05
1.051148313457391050e+05
1.059026063318215311e+05
1.066883978967292205e+05
1.074684193216596032e+05
1.082387018342477531e+05
1.089950555716739764e+05
1.097337450758251071e+05
1.104560591893643577e+05
1.111657456747180549e+05
1.118668148483997356e+05
1.125635058466827322e+05
1.132602593407968816e+05
1.139616645287139982e+05
1.146705011427147838e+05
1.153862102588664129e+05
1.161078723166498676e+05
1.168345384379670868e+05
1.175652266247024818e+05
1.182989179240096273e+05
1.190341944143241417e+05
1.197668630318990326e+05
1.204912731508430152e+05
1.212014368982994783e+05
1.218909632477624982e+05
1.225529782717435446e+05
1.231800636405430414e+05
1.237655746993773791e+05
1.243043828345828515e+05
1.247910770703237795e+05
1.252197541106313001e+05
1.255839484973290382e+05
1.258765522393162682e+05
1.260904867253911943e+05
1.262197055889752082e+05
1.262578709153113014e+05
1.261980811036041123e+05
1.260327892494238913e+05
1.257539290804330813e+05
1.253585498773230647e+05
1.248507366206677543e+05
1.242371332838449453e+05
1.235270383005060576e+05
1.227326307994114177e+05
1.218625791208701703e+05
1.209144569847208913e+05
1.198838609602078795e+05
1.187653613329455693e+05
1.175557362258607609e+05
1.162572044181143137e+05
1.148741484152069461e+05
1.134113448383850628e+05
1.118606625256444531e+05
1.102076949699539837e+05
1.084614141405214323e+05
1.066697688839343464e+05
1.048922720036279061e+05
1.031742460622018843e+05
1.015263693930972950e+05
9.995021437243140826e+04
9.845717440129858733e+04
9.707240387135348283e+04
9.581639362170282402e+04
9.470214203549872036e+04
9.373101179015489470e+04
9.290234925970624317e+04
9.221546276594618394e+04
9.165866153438547917e+04
9.120193310530096642e+04
9.081813597729508183e+04
9.048343805013452948e+04
9.017616259925939084e+04
8.987736263471898565e+04
8.957470832326887466e+04
8.925744812132723746e+04
8.891434845732909162e+04
8.853352629961709317e+04
8.810405100296784076e+04
8.763387993408816692e+04
8.714407388027703564e+04
8.665655171251187858e+04
8.619308842656094930e+04
8.577406532370211789e+04
8.540665033203606436e+04
8.508647041129447462e+04
8.480916624384370516e+04
8.457079897334978159e+04
8.436778404970833799e+04
8.419585499203350628e+04
8.404871488491092168e+04
8.392010643124322814e+04
8.380408105258372962e+04
8.369490786221857707e+04
8.358741692278895061e+04
8.348175559495799826e+04
8.338163724364899099e+04
8.329081350865709828e+04
8.321297381969577691e+04
8.315171376136918843e+04
8.310997563294626889e+04
8.308889683445631817e+04
8.308921894214415806e+04
8.311163744490525278e+04
8.315680348370863067e+04
8.322531685189253767e+04
8.331730712917233177e+04
8.343227645871610730e+04
8.356968197758505994e+04
8.372898632045106206e+04
8.390966072891790827e+04
8.411116037995011720e+04
8.433230205300147645e+04
8.457128696924861288e+04
8.482635887849892606e+04
8.509582289206920541e+04
8.537803411924536340e+04
8.567139141796462354e+04
8.597439775722152262e+04
8.628565740916060167e+04
8.660378983435485861e+04
8.692741962108363805e+04
8.725517119590923539e+04
8.758566934162942925e+04
8.791786868898557441e+04
8.825124090360431001e+04
8.858529126098452252e+04
8.891951213045264012e+04
8.925338209030267899e+04
8.958636420832935255e+04
8.991774900498197530e+04
9.024645235838243389e+04
9.057130708460426831e+04
9.089110499373263156e+04
9.120459134317806456e+04
9.151045851223240606e+04
9.180728595412809227e+04
9.209342226285120705e+04
9.236710030373008340e+04
9.262645377197464404e+04
9.286950185017245531e+04
9.309413015814020764e+04
9.329563478788161592e+04
9.346099339368089568e+04
9.357429320844980248e+04
9.361762808162928559e+04
9.357028254398214631e+04
9.340771574451614288e+04
9.310792597489840409e+04
9.265837341365299653e+04
9.204642948636706569e+04
9.125815717491795658e+04
9.027813733934293850e+04
8.909961656713356206e+04
8.774216669686604291e+04
8.624227343495149398e+04
8.465236182330429438e+04
8.302901480788073968e+04
8.141743432946136454e+04
7.985830664704175433e+04
7.839800049634081370e+04
7.707863034198655805e+04
7.589244871706774575e+04
7.480452343896395178e+04
7.377661509509298776e+04
7.277292048041822272e+04
7.177249726841448864e+04
7.078141950757135055e+04
6.981355126985772222e+04
6.888425246301967127e+04
6.800769501664885320e+04
6.718720264388070791e+04
6.641871308108000085e+04
6.569780502729644650e+04
6.502036976703152322e+04
6.438296999618831614e+04
6.378398203785294754e+04
6.322287565832735709e+04
6.269909659105473838e+04
6.221200260805238941e+04
6.175988431854721421e+04
6.133932919547435449e+04
6.094673854627396213e+04
6.057866837688268424e+04
6.023198769895917940e+04
5.990418405157038796e+04
5.959365329219563137e+04
5.929900474301024224e+04
5.901895993085745431e+04
5.875241032547225041e+04
5.849868659009563271e+04
5.825822067776770564e+04
5.803165226748307759e+04
5.781959369198708009e+04
5.762263002095544653e+04
5.744127112904141541e+04
5.727560880822838953e+04
5.712554072830531368e+04
5.699096626412432670e+04
5.687180497386493516e+04
5.676799220226782927e+04
5.667917744707268139e+04
5.660458455814240006e+04
5.654344936547854013e+04
5.649505377417364798e+04
5.645872083866684989e+04
5.643388217317972885e+04
5.642055946239470359e+04
5.641903324911237723e+04
5.642956571288411214e+04
5.645240144533896819e+04
5.648777005198226834e+04
5.653587487788446742e+04
5.659686543920262920e+04
5.667086886205096380e+04
5.675800011409976287e+04
5.685836479151125241e+04
5.697205848786292336e+04
5.709878492837098020e+04
5.723751556848073960e+04
5.738717369244233851e+04
5.754671543212623510e+04
5.771512343029436306e+04
5.789139835481267073e+04
5.807429953765987739e+04
5.826212352274252044e+04
5.845311420097682276e+04
5.864549988305129227e+04
5.883747948801721213e+04
5.902720593969773472e+04
5.921232565906991658e+04
5.938941553993656271e+04
5.955474334864430421e+04
5.970433211939408648e+04
5.983389364010679128e+04
5.993875019643323321e+04
6.001396315645346476e+04
6.005450366316699365e+04
6.005478254861963069e+04
6.000845371254481870e+04
5.990822396216405468e+04
5.974553739809188119e+04
5.950922521723266982e+04
5.918485535586081096e+04
5.875445398219970957e+04
5.819520005047114682e+04
5.747725465275017632e+04
5.655837093756164541e+04
5.537529714318009792e+04
5.382257787487262976e+04
5.167933736783415225e+04
4.838485221467720839e+04
1.226342567814225077e+02
1.246814438602204405e+02
1.266556113365967633e+02
1.285336850598746423e+02
1.302867011749425501e+02
1.318767349350881375e+02
1.332530946021855129e+02
1.343461320736721234e+02
1.350563470438205229e+02
1.352426675775308240e+02
1.347457443580883023e+02
1.333580609120992051e+02
1.307776749403443830e+02
1.265538132083157308e+02
1.194129543791269867e+02
8.003831588706303535e+01
7.691366734242467373e+01
7.664417780263708835e+01
7.733086958662832444e+01
7.856398841133089661e+01
8.017987948468501713e+01
8.209713531562857725e+01
8.427044544606097531e+01
8.666808271221614746e+01
8.926269877446004841e+01
9.203724333826843917e+01
9.498141383641392110e+01
9.808901586417653107e+01
1.013564135146742586e+02
1.047814952064889980e+02
1.083632343277703427e+02
1.121014309772419608e+02
1.159967964566333478e+02
1.200505468982353818e+02
1.242640313286576230e+02
1.286380194820453369e+02
1.331728272010791727e+02
1.378685370886628903e+02
1.427281665217835211e+02
1.477586539273019639e+02
1.529674461740304707e+02
1.583613599500081648e+02
1.639470686409914038e+02
1.697316042597381909e+02
1.757232243644290293e+02
1.819309389392852552e+02
1.883641486116399619e+02
1.950325530907018390e+02
2.019463885457131482e+02
2.091159655509343622e+02
2.165482487169194030e+02
2.242481996415700678e+02
2.322218287171475595e+02
2.404857786858547684e+02
2.490625602498701880e+02
2.579712077641951282e+02
2.672032631291826306e+02
2.767378462534423420e+02
2.865598236857655365e+02
2.966937360770595546e+02
3.071785167747062246e+02
3.180437938496654624e+02
3.292601757244452756e+02
3.407771092932031820e+02
3.525448910398144449e+02
3.645292192054607767e+02
3.767014347885545931e+02
3.890459521225677122e+02
4.016259685710338658e+02
4.145372495863761628e+02
4.278786923656537056e+02
4.416994164644557941e+02
4.559875897513944096e+02
4.707242959536093281e+02
4.859060555035322864e+02
5.015751258498843299e+02
5.177839083715665538e+02
5.345833851132456402e+02
5.519907459582693718e+02
5.700067745503903325e+02
5.886315287436112840e+02
6.078989592078371516e+02
6.278773667710194104e+02
6.486418866142686284e+02
6.702172106352460332e+02
6.925198434645434418e+02
7.154290299284380126e+02
7.388693322201039564e+02
7.629475979103418695e+02
7.878183893705577248e+02
8.136267218350703843e+02
8.402762348949087254e+02
8.675353698921928753e+02
8.951761970208186767e+02
9.232024385821257511e+02
9.518353041283198763e+02
9.813192688160511352e+02
1.011833556091377659e+03
1.043239941203192302e+03
1.075329204992425275e+03
1.107915137666672990e+03
1.140980046692784299e+03
1.174644411591641074e+03
1.209033275113001309e+03
1.244310156140674053e+03
1.280869403914796976e+03
1.319196301303898281e+03
1.359817051623435873e+03
1.403204965816183858e+03
1.449572150326998326e+03
1.499082123581312089e+03
1.551769465637765052e+03
1.607060155301217947e+03
1.664093656305836703e+03
1.722191920068478794e+03
1.781422602672503217e+03
1.841966205876275581e+03
1.903852815721505067e+03
1.966740727606093742e+03
2.030156629709020990e+03
2.093605649956841717e+03
2.156624335719048759e+03
2.218650575305446182e+03
2.278865745142840751e+03
2.336051250663508654e+03
2.388317513153943310e+03
2.432576407828971242e+03
2.464352545544298209e+03
2.478205488905804486e+03
2.467705641026797821e+03
2.430369332806139937e+03
2.380583164934247179e+03
2.341536784081135920e+03
2.312917686407251949e+03
2.290474415067790687e+03
2.271289116128732985e+03
2.253041055902993321e+03
2.234463580526890382e+03
2.215713872306864232e+03
2.197077310027001658e+03
2.178837463696871055e+03
2.161265021833412447e+03
2.144469787137716139e+03
2.128379820667821150e+03
2.112915897360047438e+03
2.098003757453750950e+03
2.083575269727362411e+03
2.069581954432491784e+03
2.055993987247361929e+03
2.042783282756063727e+03
2.029922534475932025e+03
2.017387138627875174e+03
2.005214869907076491e+03
1.993517491350804903e+03
1.982404938059511096e+03
1.971979661368210373e+03
1.962337756090164930e+03
1.953688223480234228e+03
1.946421940751147531e+03
1.940896468915580272e+03
1.937408710232712338e+03
1.936195002623027676e+03
1.937376325586290250e+03
1.940734482869720068e+03
1.945988535909081747e+03
1.952902627199514427e+03
1.961275215997819487e+03
1.970931028504696314e+03
1.981706785574224114e+03
1.993407583955088739e+03
2.005835694532827119e+03
2.018803326825677232e+03
2.032127767467424974e+03
2.045627111291154279e+03
2.059119220715441770e+03
2.072514278721508617e+03
2.085840592614032175e+03
2.099135262948197578e+03
2.112436878462421191e+03
2.125785363127216897e+03
2.139221820432203913e+03
2.152781499044636348e+03
2.166469308731176625e+03
2.180281462915981592e+03
2.194214078564452848e+03
2.208263171861201499e+03
2.222424653430744002e+03
2.236692922306423043e+03
2.251029702283424740e+03
2.265362754439942819e+03
2.279615879799487629e+03
2.293709765719191637e+03
2.307561413114347943e+03
2.321083520675845648e+03
2.334107406237805662e+03
2.346190435262714345e+03
2.356783820522097358e+03
2.365255978722043437e+03
2.370855117444723419e+03
2.372654679924050924e+03
2.369642636463891904e+03
2.361370658497048680e+03
2.347627104564736328e+03
2.328279319104322440e+03
2.303301848890343081e+03
2.272899543587045173e+03
2.238036349915525079e+03
2.200227547795946975e+03
2.161270164125005522e+03
2.122983120892366969e+03
2.085890620396291979e+03
2.049448808851615468e+03
2.011419027051215380e+03
1.959583763653796495e+03
1.909083825384348756e+03
1.859884805252843762e+03
1.811953182388331243e+03
1.765256299192031520e+03
1.719762339184969733e+03
1.675440305347729236e+03
1.632259999051377690e+03
1.590191999438037556e+03
1.549207643255621178e+03
1.509279005473632196e+03
1.470378880431712105e+03
1.432480763078478276e+03
1.395558830769885617e+03
1.359587925995523165e+03
1.324543539336305003e+03
1.290401792410839562e+03
1.257139421602698349e+03
1.224733762572743672e+03
1.193162734756617056e+03
1.162404826053685611e+03
1.132439078256468974e+03
1.103245072865878910e+03
1.074802917278492259e+03
1.047093231493474150e+03
1.020097133946835356e+03
9.937962277540439118e+02
9.681725927969026770e+02
9.432087753312326868e+02
9.188877672906482985e+02
8.951929941044694488e+02
8.721083073909983341e+02
8.496179748987788116e+02
8.277066746420324534e+02
8.063594798102380992e+02
7.855618375167267686e+02
7.652995682278568665e+02
7.455588650888055327e+02
7.263262780838491608e+02
7.075887026581369810e+02
6.893333695404218133e+02
6.715478351741944607e+02
6.542199805219638620e+02
6.373380031102790326e+02
6.208903983305414158e+02
6.048659535620046199e+02
5.892537512059565188e+02
5.740431571679868057e+02
5.592238051462560406e+02
5.447855944690990100e+02
5.307186886213894468e+02
5.170135042348209709e+02
5.036607019540102215e+02
4.906511827567774162e+02
4.779760826052702782e+02
4.656267655071717968e+02
4.535948175024074658e+02
4.418720404240383459e+02
4.304504464728032076e+02
4.193222541056869659e+02
4.084798822419253383e+02
3.979159435455399603e+02
3.876232402581456427e+02
3.775947606498114055e+02
3.678236733038685315e+02
3.583033216993573546e+02
3.490272202565707289e+02
3.399890501433017675e+02
3.311826548663379413e+02
3.226020360649417285e+02
3.142413494185657328e+02
3.060949006734413729e+02
2.981571418161282736e+02
2.904226672990092197e+02
2.828862103263185759e+02
2.755426392849581134e+02
2.683869542854250767e+02
2.614142837531439341e+02
2.546198811018005301e+02
2.479991215138107918e+02
2.415474988009866593e+02
2.352606223368340466e+02
2.291342140680119996e+02
2.231641055986178515e+02
2.173462353484603398e+02
2.116766457893242261e+02
2.061514807439924937e+02
2.007669827437027266e+02
1.955194904585480060e+02
1.904054361953541559e+02
1.854213447363910063e+02
1.805638336436423401e+02
1.758296085741948218e+02
1.712154605681930377e+02
1.667182639631473933e+02
1.623349743880631024e+02
1.580626268174799520e+02
1.538983336677898706e+02
1.498392829621220983e+02
1.458827365729302699e+02
1.420260285107350740e+02
1.382665632534638576e+02
1.346018141427119872e+02
1.310293218452743531e+02
1.275466928567075229e+02
1.241515980480827608e+02
1.208417712675385758e+02
1.176150079907318826e+02
1.144691640139845248e+02
1.114021541921815555e+02
1.084119512137802559e+02
1.054965844057034730e+02
1.026541385791561538e+02
9.988275291920315624e+01
9.718061989402903578e+01
9.454598417258442566e+01
9.197714157298973703e+01
8.947243804865843231e+01
8.703026868123475879e+01
8.464907666711471279e+01
8.232735231770455187e+01
8.006363206201528726e+01
7.785649743181033955e+01
7.570457410335070847e+01
7.360653099324443360e+01
7.156107913154073685e+01
6.956697039053325682e+01
6.762299660509049204e+01
6.572798893615934901e+01
6.388081641244251330e+01
6.208035548407040238e+01
6.032538501715015400e+01
5.861467163950772630e+01
5.694700471929061791e+01
5.532119580623092503e+01
5.373607811015026670e+01
5.219050579925959710e+01
5.068335402253490685e+01
4.921351909113150924e+01
4.777991856732251819e+01
4.638149147136169859e+01
4.501719861758989794e+01
4.368602281401682319e+01
4.238696904359919415e+01
4.111906543950173187e+01
3.988136445716101974e+01
3.867294348961505790e+01
3.749295927224973468e+01
3.634077266059060207e+01
3.521580561944907117e+01
3.411750355284139147e+01
3.304533255235902089e+01
3.199877803774205276e+01
3.097734528191130821e+01
2.998056086048060820e+01
2.900797029840962438e+01
2.805913528797404410e+01
2.713363191791802365e+01
2.623105191901425215e+01
2.535101204580233514e+01
2.449330540128902456e+01
2.365786372454874709e+01
2.284461347157759548e+01
2.205347045959260299e+01
2.128433749723183155e+01
2.053710131015817453e+01
1.981162965389809472e+01
1.910777093177103225e+01
1.842535393074581407e+01
1.776418738633316963e+01
1.712401193638119423e+01
1.650430262162992889e+01
1.590446017645861687e+01
1.532390202871056673e+01
1.476206278622506751e+01
1.421839467993598660e+01
1.369236735490056667e+01
1.318346700187237808e+01
1.269119526421654776e+01
1.221506889087322811e+01
1.175466519551672206e+01
1.130967365568015381e+01
1.087979147018454995e+01
1.046470752024448636e+01
1.006410315825291057e+01
9.677652971993694564e+00
9.305025690648024650e+00
8.945885271805915195e+00
