1.079208184872272977e+05
7.590840480580506846e+04
5.553511394261223177e+04
4.360663773257083812e+04
3.601514237349027098e+04
3.081483321937093569e+04
2.705362750000456072e+04
2.422229792903847192e+04
2.202323039069003789e+04
2.027211175148512120e+04
1.884889919931625991e+04
1.767272688521950477e+04
1.668664516921590621e+04
1.584998617767661381e+04
1.513286096807918875e+04
1.451298131576343076e+04
1.397325684042275316e+04
1.350040328882055655e+04
1.308404549226418385e+04
1.271580870034546570e+04
1.238886132353277389e+04
1.209779224574466207e+04
1.183808976930030440e+04
1.160587261131886953e+04
1.139793680349625356e+04
1.121166543534703305e+04
1.104481843204056349e+04
1.089542472990860369e+04
1.076177466066577654e+04
1.064240216906290152e+04
1.053605187569850568e+04
1.044163382827196619e+04
1.035818825608591033e+04
1.028486805385245862e+04
1.022092263548953088e+04
1.016568634219621526e+04
1.011856921517005321e+04
1.007904669201882461e+04
1.004665093802772935e+04
1.002096361125834483e+04
1.000160977828686009e+04
9.988252743137241850e+03
9.980589658045428223e+03
9.978347804214863572e+03
9.981280809063702691e+03
9.989164112503476645e+03
1.000179393864711710e+04
1.001898571426891795e+04
1.004057216019087173e+04
1.006640162132565820e+04
1.009633658936812026e+04
1.013025239363049877e+04
1.016803603653012033e+04
1.020958515318562058e+04
1.025480707722774605e+04
1.030361799729738232e+04
1.035594219082213749e+04
1.041171132354704787e+04
1.047086380510230811e+04
1.053334414740843931e+04
1.059910231838926302e+04
1.066809373656736170e+04
1.074027909386134525e+04
1.081562412662367933e+04
1.089409944110447941e+04
1.097568038898855411e+04
1.106034698878003837e+04
1.114808388892362018e+04
1.123888036864496462e+04
1.133273002246406395e+04
1.142962670120679832e+04
1.152956412840747907e+04
1.163253744640009245e+04
1.173854288061354237e+04
1.184757658041432114e+04
1.195963237893925543e+04
1.207470327392087893e+04
1.219278768704527101e+04
1.231389753110339007e+04
1.243805025069846124e+04
1.256526779819338844e+04
1.269557679395056766e+04
1.282900864526840633e+04
1.296559577479141080e+04
1.310535272279079982e+04
1.324828619640538818e+04
1.339440130706243326e+04
1.354370157852921511e+04
1.369618910747677000e+04
1.385187770582413759e+04
1.401081342065955323e+04
1.417305099398707353e+04
1.433864951073360135e+04
1.450767221152522143e+04
1.468018275070579875e+04
1.485622230998903615e+04
1.503582161775972236e+04
1.521901135371874443e+04
1.540582229144780649e+04
1.559628793519934334e+04
1.579046416580350524e+04
1.598842028009373098e+04
1.619022868077623571e+04
1.639596482954473322e+04
1.660570413527603159e+04
1.681950657357057571e+04
1.703742705125602151e+04
1.725952067709610856e+04
1.748584264976724080e+04
1.771645422246280941e+04
1.795142878077915520e+04
1.819084289525806162e+04
1.843477527457994802e+04
1.868330629446890089e+04
1.893651382452582402e+04
1.919447456409681035e+04
1.945726581305283253e+04
1.972496526143249139e+04
1.999764576752441644e+04
2.027536872940053581e+04
2.055819093407936089e+04
2.084616637598684611e+04
2.113935612549222060e+04
2.143784639620424423e+04
2.174173086497648183e+04
2.205110746479899535e+04
2.236606430931684008e+04
2.268663085505902563e+04
2.301281199797226873e+04
2.334460118149602931e+04
2.368200035855204260e+04
2.402511104567375151e+04
2.437407911666718064e+04
2.472906378556346681e+04
2.509020886726168828e+04
2.545749894041030711e+04
2.583084473202926529e+04
2.621013772504829467e+04
2.659529442291646046e+04
2.698645378748226358e+04
2.738384584021955379e+04
2.778772020978452565e+04
2.819828368401629632e+04
2.861545128098343048e+04
2.903902470558734058e+04
2.946877362774560970e+04
2.990452789970838421e+04
3.034645226940862267e+04
3.079481302341627088e+04
3.124990250027454749e+04
3.171192199379863087e+04
3.218069818738410322e+04
3.265594207550169085e+04
3.313731504126318760e+04
3.362457203704054700e+04
3.411782013565405214e+04
3.461724371648453962e+04
3.512305217523676401e+04
3.563533797810265241e+04
3.615384092885447899e+04
3.667820494581857201e+04
3.720801750456189620e+04
3.774289800371515594e+04
3.828271736636221613e+04
3.882739156125744194e+04
3.937683979782508686e+04
3.993093543165819574e+04
4.048937516906086967e+04
4.105179966040060390e+04
4.161782984043623583e+04
4.218706783888614882e+04
4.275909821686099895e+04
4.333348603787750471e+04
4.390977631479800766e+04
4.448749962879972736e+04
4.506629635698889615e+04
4.564596599414521916e+04
4.622631477918778546e+04
4.680714115446587675e+04
4.738821999604550365e+04
4.796904949665112508e+04
4.854888256411899783e+04
4.912695596958785609e+04
4.970250426804605377e+04
5.027476841476547270e+04
5.084321531150161900e+04
5.140768582281671115e+04
5.196810687313604285e+04
5.252442940458514931e+04
5.307658844218047307e+04
5.362450253943700227e+04
5.416791153267596383e+04
5.470617729340161895e+04
5.523864430356394587e+04
5.576470423252922774e+04
5.628380148480826028e+04
5.679543721283209743e+04
5.729917636110899184e+04
5.779469691727586178e+04
5.828192753931397601e+04
5.876096225927923660e+04
5.923188418340444332e+04
5.969476193760459137e+04
6.014965249125236733e+04
6.059660370618075831e+04
6.103565666089011211e+04
6.146684778373891459e+04
6.189021333015221171e+04
6.230582049750429724e+04
6.271376080634673417e+04
6.311413146463329758e+04
6.350702651198684907e+04
6.389252486631723150e+04
6.427072528794340906e+04
6.464175068671472400e+04
6.500574519475177658e+04
6.536287084537222836e+04
6.571315089337810059e+04
6.605623981134405767e+04
6.639171361588056607e+04
6.671912053758864931e+04
6.703798120137494698e+04
6.734778908120885899e+04
6.764801135155896191e+04
6.793809022062597796e+04
6.821744538875158469e+04
6.848571810657055175e+04
6.874317456160296570e+04
6.899021315348253120e+04
6.922726816885561857e+04
6.945480841544481518e+04
6.967333566589087422e+04
6.988338289265842468e+04
7.008551229398464784e+04
7.028033157663472230e+04
7.046883950668104808e+04
7.065239412118453765e+04
7.083238070171875006e+04
7.101018894772710337e+04
7.118720373506897886e+04
7.136478869077970739e+04
7.154428002124369959e+04
7.172699504499659815e+04
7.191451520290596818e+04
7.210915589731400541e+04
7.231333768981335743e+04
7.252945213263390178e+04
7.275984948190701834e+04
7.300682693859025312e+04
7.327261757874584873e+04
7.355938022736459970e+04
7.386915467675695254e+04
7.420341398100109654e+04
7.456323557350281044e+04
7.494965830557470326e+04
7.536369312204624293e+04
7.580632743397483137e+04
7.627853097061491280e+04
7.678126293688571604e+04
7.731547999751161842e+04
7.788210679557108961e+04
7.848111880347524129e+04
7.911148674896544253e+04
7.977218811704168911e+04
8.046225314925766725e+04
8.118075417675981589e+04
8.192679849236459995e+04
8.269952334747154964e+04
8.349809164664411219e+04
8.432168879738979740e+04
8.516975942476047203e+04
8.604292896340292646e+04
8.694284286749473540e+04
8.787125671935456921e+04
8.882998807316785678e+04
8.982093362580057874e+04
9.084594963233750605e+04
9.190613415159503347e+04
9.300221247265905549e+04
9.413479607614550332e+04
9.530437474814428424e+04
9.651140641898974718e+04
9.775733002367387235e+04
9.904431214694294613e+04
1.003746405997952534e+05
1.017507348599839752e+05
1.031745264190780290e+05
1.046466770039130060e+05
1.061675507595492672e+05
1.077373548522175843e+05
1.093568963817797776e+05
1.110281550733738841e+05
1.127533059984891297e+05
1.145345058869220811e+05
1.163725978412673867e+05
1.182671496804273775e+05
1.202175275772514724e+05
1.222233248669585009e+05
1.242843867985306861e+05
1.264005452289157838e+05
1.285720801490388112e+05
1.307998104626542336e+05
1.330845458260842424e+05
1.354251100460553716e+05
1.378184794259480550e+05
1.402618914755835431e+05
1.427572064591929084e+05
1.453086308206963295e+05
1.479176974163203267e+05
1.505775829606412735e+05
1.532798413802826835e+05
1.560247642331487441e+05
1.588211024197469233e+05
1.616747535687523487e+05
1.645750733854020946e+05
1.675066289648821403e+05
1.704675042146818887e+05
1.734699059657230682e+05
1.765219380167618219e+05
1.796109767967820226e+05
1.827194746945426741e+05
1.858452580872140534e+05
1.889980946961579320e+05
1.921812461833895359e+05
1.953809262405144400e+05
1.985816406626696698e+05
2.017806824461022625e+05
2.049814172829643649e+05
2.081815317190867790e+05
2.113700994618277764e+05
2.145362502187271893e+05
2.176740502747951541e+05
2.207791408354336745e+05
2.238473064534616715e+05
2.268746504410459602e+05
2.298582646673749841e+05
2.327920265046748682e+05
2.356690618662332708e+05
2.384869629199721676e+05
2.412513898617766390e+05
2.439683363957590191e+05
2.466375496086629282e+05
2.492507066836654849e+05
2.518008441035855212e+05
2.542889535783553729e+05
2.567244321263167658e+05
2.591154695166294405e+05
2.614649815884235722e+05
2.637661345057350118e+05
2.660123447377206176e+05
2.682002947056973935e+05
2.703355990473167039e+05
2.724258822187753976e+05
2.744772135098457802e+05
2.764918731919674319e+05
2.784657834336117958e+05
2.803941098741316237e+05
2.822734770272157039e+05
2.841044665659863967e+05
2.858905775404613814e+05
2.876347072993650800e+05
2.893391356163308956e+05
2.910047477539571701e+05
2.926312193419050891e+05
2.942192058469856274e+05
2.957708404476752039e+05
2.972888392140201177e+05
2.987764666520525934e+05
3.002368431311376626e+05
3.016726262468571076e+05
3.030860720721965190e+05
3.044790833603155916e+05
3.058532199243134819e+05
3.072098028023438528e+05
3.085500014782510116e+05
3.098747774179516127e+05
3.111848699429832632e+05
3.124807895149037940e+05
3.137628010043205577e+05
3.150308617150902282e+05
3.162846211430191761e+05
3.175234909388301312e+05
3.187471813170509413e+05
3.199557166470771190e+05
3.211492803576466977e+05
3.223282399905578350e+05
3.234931774213247118e+05
3.246448714507019613e+05
3.257842962891315110e+05
3.269126147648658953e+05
3.280309359270424466e+05
3.291401581321167178e+05
3.302412272479627281e+05
3.313351867380489712e+05
3.324231185394863132e+05
3.335061285373332212e+05
3.345853391821928089e+05
3.356618824591953889e+05
3.367367809332108009e+05
3.378107073973944644e+05
3.388841334696295671e+05
3.399573217436663108e+05
3.410304558101729490e+05
3.421036598529362236e+05
3.431770015313841868e+05
3.442504938771985471e+05
3.453240801774340216e+05
3.463975568698020652e+05
3.474706362424755353e+05
3.485429911857582047e+05
3.496143956661246484e+05
3.506847003033108776e+05
3.517537248912537470e+05
3.528212582705742097e+05
3.538870805870034383e+05
3.549511905216568266e+05
3.560137410610190709e+05
3.570748858514896710e+05
3.581347750435761409e+05
3.591935537076329929e+05
3.602513509347670479e+05
3.613081065546940663e+05
3.623636135847933474e+05
3.634186026333821355e+05
3.644748990988526493e+05
3.655344613275639131e+05
3.665993288715173840e+05
3.587745136468221317e+05
3.501807370564570301e+05
3.418797369281378342e+05
3.338791780848400085e+05
3.261767885292407591e+05
3.187516997367503354e+05
3.115799179784560110e+05
3.046392565273423097e+05
2.979092460286779678e+05
2.913710326798548340e+05
2.850091595749951666e+05
2.788153603077048901e+05
2.727829168168895994e+05
2.669050005429988960e+05
2.611725271887216077e+05
2.555756034227782511e+05
2.501047132852457580e+05
2.447486336972554855e+05
2.394948473972335050e+05
2.343317540125997330e+05
2.292487180005323607e+05
2.242360278167074721e+05
2.192861412991787074e+05
2.143992315518496034e+05
2.095785387483589002e+05
2.048272456733809086e+05
2.001480677943961346e+05
1.955432751515574637e+05
1.910147194238521915e+05
1.865638632532429183e+05
1.821918888712425251e+05
1.778988381491327891e+05
1.736819488005243475e+05
1.695382939792979741e+05
1.654651955312084174e+05
1.614602071628424746e+05
1.575210982629336650e+05
1.536456569385278854e+05
1.498306876289273787e+05
1.460732797107443039e+05
1.423764708118631679e+05
1.387471837014415651e+05
1.351920244516604871e+05
1.317171832780518453e+05
1.283285321779453516e+05
1.250328173093765508e+05
1.218371260637446831e+05
1.187477701899290551e+05
1.157610996756073000e+05
1.128519429749231203e+05
1.099939212422070705e+05
1.071627786346150824e+05
1.043358012699623650e+05
1.014914326343478606e+05
9.861080299818195635e+04
9.567797392763143580e+04
9.268519032377563417e+04
8.966122785544040380e+04
8.664593206575252407e+04
8.367450078492428293e+04
8.077843264532518515e+04
7.798524505341867916e+04
7.531816810773531324e+04
7.279659416045088437e+04
7.043540988900997036e+04
6.822750336971262004e+04
6.615035832206702617e+04
6.418317493419349921e+04
6.230645027403043787e+04
6.050259497313396423e+04
5.875600324239458132e+04
5.705288173787546839e+04
5.538124203767270228e+04
5.373622795951875742e+04
5.212106057637124468e+04
5.053933535290463624e+04
4.899481338501138816e+04
4.749077155420457711e+04
4.602993218614759826e+04
4.461451318957129843e+04
4.324626905267039547e+04
4.192568751302143937e+04
4.065145026160423004e+04
3.942187049216847663e+04
3.823484693742432137e+04
3.708833699543538387e+04
3.598041895917069633e+04
3.490928091678320925e+04
3.387321154560601281e+04
3.287070688983399305e+04
3.190058598132821498e+04
3.096185673683209097e+04
3.005389373141049509e+04
2.917612438999958977e+04
2.832796383687774869e+04
2.750881834453439296e+04
2.671808783113586469e+04
2.595511094046959624e+04
2.521910888976944989e+04
2.450927677578300791e+04
2.382462174088915344e+04
2.316412313503511177e+04
2.252681219795404104e+04
2.191176881773241621e+04
2.131811831748949407e+04
2.074497590011689681e+04
2.019139437861686383e+04
1.965647094479143198e+04
1.913945737733095302e+04
1.863973304718106374e+04
1.815670836175255681e+04
1.768981980243927683e+04
1.723852744580193757e+04
1.680225266492579613e+04
1.638034374464756911e+04
1.597217337400062934e+04
1.557712113228923590e+04
1.519452807582770220e+04
1.482375991290095772e+04
1.446421836143861401e+04
1.411533984390699879e+04
1.377661467533807445e+04
1.344758704316493822e+04
1.312782652159205281e+04
1.281692646440451244e+04
1.251452536777556452e+04
1.222029935875577394e+04
1.193394087703723744e+04
1.165515773051471842e+04
1.138368023634513338e+04
1.111925820366748667e+04
1.086165312370655010e+04
1.061063730586767633e+04
1.036599296779101314e+04
1.012751057483760633e+04
9.894989297962181809e+03
9.668233320886220099e+03
9.447025552798684657e+03
9.231144938321893278e+03
9.020381767116143237e+03
8.814537261682769895e+03
8.613423030750727776e+03
8.416852403153408886e+03
8.224631585799023014e+03
8.036580007968612335e+03
7.852545467084392840e+03
7.672386656458575089e+03
7.495967264994364996e+03
7.323155914548930923e+03
7.153826067113995123e+03
6.987856444442892098e+03
6.825150046476021089e+03
6.665664793176965759e+03
6.509418434778662231e+03
6.356429477995359775e+03
6.206709125008182127e+03
6.060261885527494996e+03
5.917086152072152800e+03
5.777174739826162295e+03
5.640514144710181426e+03
5.507062365355938709e+03
5.376754373577753540e+03
5.249524757796361882e+03
5.125308339393131064e+03
5.004040093357690239e+03
4.885655182039541614e+03
4.770089083899828438e+03
4.657279544461256592e+03
4.547182997540575343e+03
4.439797605039765585e+03
4.335146379275750405e+03
4.233248575832705683e+03
4.134118656418149840e+03
4.037766111525079396e+03
3.944195254850325910e+03
3.853387253375400633e+03
3.765255238195448328e+03
3.679698777492971203e+03
3.596590105126440903e+03
3.515781113862210987e+03
3.437132637616404736e+03
3.360515369707054560e+03
3.285809477301380866e+03
3.212894977420260147e+03
3.141647679512381274e+03
3.071953327786765385e+03
3.003709254349392722e+03
2.936848818567460512e+03
2.871340620597689394e+03
2.807157977194568048e+03
2.744277683614422131e+03
2.682691347210330150e+03
2.622397389847913473e+03
2.563391314965601850e+03
2.505665943605378743e+03
2.449211673218026135e+03
2.394000216298659325e+03
2.339977718282974820e+03
2.287080839030335028e+03
2.235205148219907187e+03
2.184245745523596270e+03
2.134109075542638038e+03
2.084712123471728773e+03
2.035981785688934906e+03
1.987854398171612957e+03
1.940282054475038876e+03
1.893216446201244935e+03
1.846580186308691282e+03
1.800301976099839976e+03
1.754319381848621788e+03
1.708578423422335845e+03
1.663033237269386518e+03
1.617645801069011668e+03
1.572381323130949113e+03
1.527170118326369220e+03
1.481924224604740175e+03
1.436570345835972148e+03
1.391053684727228756e+03
1.345337745666843830e+03
1.299403966687084448e+03
1.253251185390647379e+03
1.206904519707914233e+03
1.160430194868286435e+03
1.113905932635287172e+03
1.067416425209584077e+03
1.021050782314112894e+03
9.748997914092566361e+02
9.290556578493885809e+02
8.836125470224958462e+02
8.386843982251456282e+02
7.944010074111878339e+02
7.508851021367288467e+02
7.082509762360887180e+02
6.666040048487066088e+02
6.260404988942067348e+02
5.866479110375997834e+02
5.485049763081063929e+02
5.116836936462776748e+02
4.762463932069971975e+02
4.422442147834007642e+02
4.097171524938074185e+02
3.786942892336562636e+02
3.491941782756729822e+02
3.212253208095274317e+02
2.947890521722614494e+02
2.698819991168572869e+02
2.464916188162654862e+02
2.245963559458910481e+02
2.041664977299004988e+02
1.851650223782266096e+02
1.675484501390934895e+02
1.512678427377011872e+02
1.362721125504969848e+02
1.225072903719067909e+02
1.099145752475332785e+02
9.843162214313048253e+01
8.799379434779612552e+01
7.853525953643104174e+01
6.998993630246525299e+01
6.229244409031532825e+01
5.538009567376369802e+01
4.919204083317568177e+01
4.366859566476022536e+01
3.875189392451050452e+01
3.438641958366817164e+01
3.051941133784798410e+01
2.710115421217174969e+01
2.408516932064981475e+01
2.142841223093483904e+01
1.909134252254660424e+01
1.703767438495502162e+01
1.523433167443997505e+01
1.365137688339625122e+01
1.226188685596443939e+01
1.104178202297182843e+01
9.969661477039659658e+00
9.026607711277291557e+00
8.195975988622413055e+00
7.463194658032016093e+00
6.815582615295022073e+00
6.242094693465155331e+00
5.733128634315480809e+00
5.280357802863053784e+00
4.876573695943978493e+00
4.515543562062118710e+00
4.191883351265848212e+00
3.900946463080538607e+00
3.638737255978943708e+00
3.401811168897432403e+00
3.187189735496277265e+00
2.992275572016444674e+00
2.814783198490914184e+00
2.652722418451789022e+00
2.504364499596618554e+00
2.368223991340345780e+00
2.243012902041022105e+00
2.127604131756646755e+00
2.021002438383936894e+00
1.922326845911518367e+00
1.830799924910547327e+00
1.745741627275926744e+00
1.666558226258439745e+00
1.592722513375180338e+00
1.523758002204336215e+00
1.459229456920186685e+00
1.398747693396678038e+00
1.341967259917010713e+00
1.288582704539900980e+00
1.238320172223283944e+00
1.190932935227695388e+00
1.146197880319358431e+00
1.103913179219872864e+00
1.063896353955313456e+00
1.025982235274945253e+00
9.900206341659691933e-01
9.558754805002303012e-01
9.234233738948703918e-01
8.925513377229163936e-01
8.631529701357115725e-01
8.351287696076393763e-01
8.083881254354255974e-01
7.828525936209042024e-01
7.584519765469625030e-01
7.351200060803790848e-01
7.127896134602261791e-01
6.913974279995511729e-01
6.708870569699719733e-01
6.512111985830276728e-01
6.323266240152339845e-01
6.141903443450220657e-01
5.967586954058569093e-01
5.799912017651956964e-01
5.638556692274863114e-01
5.483256932553071117e-01
5.333750745284783212e-01
5.189719365345514257e-01
5.050841440849237474e-01
4.916833747199741422e-01
4.787471694597298377e-01
4.662551159417675506e-01
4.541870643247730710e-01
4.425227957533603984e-01
4.312433600633742148e-01
4.203328473706496315e-01
4.097773288296335248e-01
3.995630796282262365e-01
3.896751375418514574e-01
3.800988883610005309e-01
3.708204486949826517e-01
3.618265573019787129e-01
3.531047651746260785e-01
3.446439646183316885e-01
3.364341319113287043e-01
3.284657563696914417e-01
3.207297299482234076e-01
3.132173350358447017e-01
3.059207416832473991e-01
2.988335151317804139e-01
2.919494788592946199e-01
2.852606394986141880e-01
2.787576086380117446e-01
2.724318079986209895e-01
2.662770599000884864e-01
2.602881905727366108e-01
2.544598102934252926e-01
2.487857649587555398e-01
2.432601245626943021e-01
2.378790062351733015e-01
2.326402212217810184e-01
2.275410267670547604e-01
2.225754698566226597e-01
2.177368003670696051e-01
2.130195195553756526e-01
2.084201680598638806e-01
2.039356118814791563e-01
1.995623350184931588e-01
1.952965518220613206e-01
1.911348141177636739e-01
1.870747720383742485e-01
1.831144105550338297e-01
1.792512185160568539e-01
1.754818687027995538e-01
1.718031006334003186e-01
1.682119254851181245e-01
1.647055704802368181e-01
1.612814399168363555e-01
1.579372512707651333e-01
1.546708511382908213e-01
1.514801148911151807e-01
1.483629256091984761e-01
1.453172623109794670e-01
1.423414681350101685e-01
1.394340804223597741e-01
1.365934165772421660e-01
1.338171524261584089e-01
1.311029640290690967e-01
1.284489924227427415e-01
1.258538106666202694e-01
1.233160258814526011e-01
1.208341594261985591e-01
1.184067347198364401e-01
1.160323392926925629e-01
1.137096357919997469e-01
1.114373311023224289e-01
1.092141648635829992e-01
1.070389105172529637e-01
1.049103794688041880e-01
1.028274212366346030e-01
1.007889203476710210e-01
9.879379420080587615e-02
9.684099177114581514e-02
9.492949287765944932e-02
9.305830719417344798e-02
9.122647309778250668e-02
8.943305656664994607e-02
8.767715018032321006e-02
8.595787220984128785e-02
8.427436572891551514e-02
8.262579775064983478e-02
8.101135839612609579e-02
7.943026010204895515e-02
7.788173686469687662e-02
7.636504351438321014e-02
7.487945501885931443e-02
7.342426581448965872e-02
7.199878916472772505e-02
7.060235654452268195e-02
6.923431704923822816e-02
6.789403682685672681e-02
6.658089853241844214e-02
6.529430080371492751e-02
6.403365775727785925e-02
6.279839850371923826e-02
6.158796668154473825e-02
6.040182000860815775e-02
5.923942985043147147e-02
5.810028080463632005e-02
5.698387030077712440e-02
5.588970821490552715e-02
5.481731649822339097e-02
5.376622881922225872e-02
5.273599021871076820e-02
5.172615677720897309e-02
5.073629529416782274e-02
4.976598297851029390e-02
4.881480715003989196e-02
4.788236495125163666e-02
4.696826306911108806e-02
4.607211746641113465e-02
4.519355312229290933e-02
4.433220378157351482e-02
4.348771171252543283e-02
4.265972747276070010e-02
4.184790968290569985e-02
4.105192480774974562e-02
4.027144694458682783e-02
3.950615761844869511e-02
3.875574558398962866e-02
3.801990663373300966e-02
3.729834341246780760e-02
3.659076523753641147e-02
3.589688792480093260e-02
3.521643362007383093e-02
3.454913063580627303e-02
3.389471329283857970e-02
3.325292176702583646e-02
3.262350194055762403e-02
3.200620525780359382e-02
3.140078858551752922e-02
3.080701407724337204e-02
3.022464904177057238e-02
2.965346581549876959e-02
2.909324163856551529e-02
2.854375853461427540e-02
2.800480319406176144e-02
2.747616686075769060e-02
2.695764522190570792e-02
2.644903830114256338e-02
2.595015035466318246e-02
2.546078977028366774e-02
2.498076896935746624e-02
2.450990431142679657e-02
2.404801600153749427e-02
2.359492800011948541e-02
2.315046793534407052e-02
2.271446701788917832e-02
2.228675995801962170e-02
2.186718488491667250e-02
2.145558326818089098e-02
2.105179984143687455e-02
2.065568252797802401e-02
2.026708236837749047e-02
1.988585343966470589e-02
1.951185269572943554e-02
1.914493995242250515e-02
1.878497788369362306e-02
1.843183195832707663e-02
1.808537037758233337e-02
1.774546401443582652e-02
1.741198635437646303e-02
1.708481343770375249e-02
1.676382380328897068e-02
1.644889843375190244e-02
1.613992070201113876e-02
1.583677631917032591e-02
1.553935328369765098e-02
1.524754183186157429e-02
1.496123438938906473e-02
1.468032552430663905e-02
1.440471190093213852e-02
1.413429223498618124e-02
1.386896724978869781e-02
1.360863963350840769e-02
1.335321399744175339e-02
1.310259683528521880e-02
1.285669648337752803e-02
1.261542308188412162e-02
1.237868853689661798e-02
1.214640648342376131e-02
1.191849224924747958e-02
1.169486281962272937e-02
1.147543680279645810e-02
1.126013439632515475e-02
1.104887735416706408e-02
1.084158895453172372e-02
1.063819396846354091e-02
1.043861862914273117e-02
1.024279060188217592e-02
1.005063895480350251e-02
9.862094130175877091e-03
9.677087916396050205e-03
9.495553420597904054e-03
9.317425041872691785e-03
9.142638445083979895e-03
8.971130535265103845e-03
8.802839432580158996e-03
8.637704447836982297e-03
8.475666058539044895e-03
8.316665885458556298e-03
8.160646669724372013e-03
8.007552250404673805e-03
7.857327542577412574e-03
7.709918515875760145e-03
7.565272173492816089e-03
7.423336531641535480e-03
7.284060599451009851e-03
7.147394359295863517e-03
7.013288747541695546e-03
6.881695635701699787e-03
6.752567811992281691e-03
6.625858963277380699e-03
6.501523657395586256e-03
6.379517325856399503e-03
6.259796246901761820e-03
6.142317528919627283e-03
6.027039094205957799e-03
5.913919663062898111e-03
5.802918738228184103e-03
5.693996589627371013e-03
5.587114239440238266e-03
5.482233447475937799e-03
5.379316696849087420e-03
5.278327179949673410e-03
5.179228784700516501e-03
5.081986081095691936e-03
4.986564308013361965e-03
4.892929360297551197e-03
4.801047776101879938e-03
4.710886724489894359e-03
4.622413993287111111e-03
4.535597977177066413e-03
4.450407666038407560e-03
4.366812633516485229e-03
