1.290333892370615649e+05
8.472781249152895180e+04
6.068190127393382863e+04
4.717533691235932201e+04
3.875299485139339959e+04
3.305635326576029911e+04
2.896492035814773408e+04
2.589397738838715304e+04
2.350901087226270829e+04
2.160725199530894315e+04
2.005847057142125777e+04
1.877504231329954928e+04
1.769611280140381132e+04
1.677856518120294277e+04
1.598983771739889198e+04
1.530667102229088050e+04
1.470994147974657790e+04
1.418588926409282249e+04
1.372307902097777333e+04
1.331220200505888715e+04
1.294629447459404037e+04
1.261923801289146832e+04
1.232595439585926033e+04
1.206239602975520211e+04
1.182513396538275992e+04
1.161120133758114025e+04
1.141807476105071328e+04
1.124361695112548296e+04
1.108599361642612166e+04
1.094361576670888098e+04
1.081509765792590588e+04
1.069922781290000421e+04
1.059494297239724074e+04
1.050130613916256334e+04
1.041748988899597316e+04
1.034276088159518258e+04
1.027646387571617925e+04
1.021801478935767227e+04
1.016689322781743613e+04
1.012263294117537589e+04
1.008481494354815550e+04
1.005306171638618071e+04
1.002703223802354114e+04
1.000641769117508375e+04
9.990937762536234004e+03
9.980337248881081905e+03
9.974383340316169779e+03
9.972863550081736321e+03
9.975583483175647416e+03
9.982364922535929509e+03
9.993043960661405436e+03
1.000746973702925970e+04
1.002550600357519943e+04
1.004702924538887055e+04
1.007192535292772845e+04
1.010008882898440788e+04
1.013142215298399242e+04
1.016583521986841515e+04
1.020324484034965644e+04
1.024357429130125638e+04
1.028675290707629574e+04
1.033271570452491142e+04
1.038140303640752245e+04
1.043276026972727777e+04
1.048673748804613024e+04
1.054328926231515470e+04
1.060237452239376398e+04
1.066395634036528099e+04
1.072800052011144908e+04
1.079447527636313680e+04
1.086335205223711455e+04
1.093460537764939181e+04
1.100821268870143649e+04
1.108415414346220496e+04
1.116241242912622693e+04
1.124297255536998455e+04
1.132582162697845706e+04
1.141094853104785761e+04
1.149834368899757465e+04
1.158799896786282261e+04
1.167990752297044128e+04
1.177406364085580208e+04
1.187046258986979410e+04
1.196910024847913519e+04
1.206997073516303317e+04
1.217306625452044864e+04
1.227837726095741891e+04
1.238589264268069201e+04
1.249560002404479746e+04
1.260748573977446904e+04
1.272153481551142249e+04
1.283773095434714378e+04
1.295605651312712871e+04
1.307649104335078482e+04
1.319900863719888366e+04
1.332357863353331231e+04
1.345016543208369148e+04
1.357872817022857089e+04
1.370922040338462466e+04
1.384158093111521703e+04
1.397573471278987199e+04
1.411161640994759546e+04
1.424916273793280016e+04
1.438831154095763304e+04
1.452900165974612719e+04
1.467117273221971845e+04
1.481476163038057894e+04
1.495967003297841620e+04
1.510577244102652185e+04
1.525293402019205496e+04
1.540101130096949055e+04
1.554985280638361291e+04
1.569929982899593597e+04
1.584919927752391777e+04
1.599945130483526373e+04
1.614997131908490337e+04
1.630067238350205116e+04
1.645146415959826845e+04
1.660225177395749779e+04
1.675293462071607064e+04
1.690340110154286231e+04
1.705347873519841596e+04
1.720295040981979400e+04
1.735159246638218610e+04
1.749917657800865709e+04
1.764547070995967806e+04
1.779023990863793006e+04
1.793327271203093915e+04
1.807450538994869567e+04
1.821394850992898137e+04
1.835166353192607494e+04
1.848772846603408834e+04
1.862222770119064808e+04
1.875525236088095335e+04
1.888690066144319280e+04
1.901727825292014677e+04
1.914649852473683859e+04
1.927468286110733607e+04
1.940196083399048075e+04
1.952845735054260513e+04
1.965417549797762331e+04
1.977904445183618736e+04
1.990298136214614351e+04
2.002589512639442546e+04
2.014769488140995600e+04
2.026829025914943122e+04
2.038759134078527859e+04
2.050550859582836347e+04
2.062195280595548320e+04
2.073683497320748575e+04
2.085006389044697062e+04
2.096143523197225295e+04
2.107057485205791454e+04
2.117707808775693411e+04
2.128051900168104112e+04
2.138044728188489535e+04
2.147638461069120240e+04
2.156782040194729052e+04
2.165420679377988927e+04
2.173495277011221333e+04
2.180941726621081762e+04
2.187703918975855413e+04
2.193823022727686839e+04
2.199392231522438306e+04
2.204514930191856183e+04
2.209303033981603585e+04
2.213875187470804667e+04
2.218354725599895028e+04
2.222867507849335379e+04
2.227539751908499238e+04
2.232495970619003492e+04
2.237844247254307993e+04
2.243653786449188192e+04
2.249985187350709020e+04
2.256896390007002992e+04
2.264442620979303319e+04
2.272676392766218487e+04
2.281647545737244218e+04
2.291403321042462630e+04
2.301988455727509790e+04
2.313445201456738505e+04
2.325782710993057481e+04
2.338935819517690106e+04
2.352834399907977058e+04
2.367413918539225415e+04
2.382614071499423153e+04
2.398377660734187884e+04
2.414649655040744619e+04
2.431376394758814422e+04
2.448504908549644097e+04
2.465982317028176840e+04
2.483755919189065753e+04
2.501803285806390340e+04
2.520162370634916806e+04
2.538879277452098540e+04
2.558000921700472827e+04
2.577574904893541316e+04
2.597649398069115341e+04
2.618273035045574579e+04
2.639494815554916568e+04
2.661364017565892209e+04
2.683930114938307088e+04
2.707241491396951096e+04
2.731344371987630802e+04
2.756292328547191573e+04
2.782141303008611794e+04
2.808945818930065434e+04
2.836758912721601155e+04
2.865632131471614048e+04
2.895615798519770033e+04
2.926763155662848658e+04
2.959130498578004335e+04
2.992773774776969003e+04
3.027748470131973227e+04
3.064109628644572877e+04
3.101910881459529264e+04
3.141188971398750800e+04
3.181960041175699371e+04
3.224239782120223026e+04
3.268045435577257740e+04
3.313397698897071677e+04
3.360324251893033943e+04
3.408855306231381110e+04
3.459022611064418015e+04
3.510858734331942833e+04
3.564394900785337813e+04
3.619662785423613968e+04
3.676695096440718044e+04
3.735524379591519391e+04
3.796181976832357759e+04
3.858699785117795545e+04
3.923107632471527177e+04
3.989440676005179557e+04
4.057740477837913204e+04
4.128050331636388728e+04
4.200397163824259769e+04
4.274789576433197362e+04
4.351233914345068479e+04
4.429763572184566146e+04
4.510452770937397145e+04
4.593384023994001473e+04
4.678599045938911877e+04
4.766075014804517559e+04
4.855779493984999135e+04
4.947751894666995213e+04
5.042116915253527986e+04
5.139006126617434347e+04
5.238440172179429646e+04
5.340353663421387319e+04
5.444690860475072259e+04
5.551542241018912318e+04
5.661060366297763539e+04
5.773345191192928905e+04
5.888347331633974682e+04
6.005990024558307050e+04
6.126296210185158998e+04
6.249390892810324294e+04
6.375390688695458084e+04
6.504297967212409276e+04
6.636070099844185461e+04
6.770703233125669067e+04
6.908268292990137707e+04
7.048842658474434575e+04
7.192464047472024686e+04
7.339146038525216863e+04
7.488896328051359160e+04
7.641714298713747121e+04
7.797597868712394848e+04
7.956597307659723447e+04
8.118813388303242391e+04
8.284311835313806660e+04
8.453014845658138802e+04
8.624811794714666030e+04
8.799765881238714792e+04
8.978101750767746125e+04
9.159962631637965387e+04
9.345118198292916350e+04
9.533237604964226193e+04
9.724359707417227037e+04
9.918908071543234109e+04
1.011719173360276473e+05
1.031879716293621314e+05
1.052308361240010854e+05
1.072995480756459147e+05
1.093998178683334118e+05
1.115366978867579892e+05
1.137064481857743667e+05
1.159017135564782802e+05
1.181193116874015541e+05
1.203636162930964492e+05
1.226394446515133313e+05
1.249452588648396631e+05
1.272752878562993137e+05
1.296250680007969495e+05
1.319958551199187350e+05
1.343902159668567474e+05
1.368087335221396061e+05
1.392488212459550996e+05
1.417076182552173268e+05
1.441832425270051754e+05
1.466746020540723111e+05
1.491807935004065221e+05
1.517021929320113850e+05
1.542398029909186880e+05
1.567939518719611806e+05
1.593610191600257240e+05
1.619360572781668161e+05
1.645155582743596460e+05
1.671024691865846689e+05
1.697015443054994103e+05
1.723159887531065033e+05
1.749402523373497534e+05
1.775655638698701223e+05
1.801845208252063603e+05
1.827994659020310210e+05
1.854179522707353754e+05
1.880469593056851008e+05
1.906857353026391065e+05
1.933232353822954465e+05
1.959481498293051845e+05
1.985531972963943845e+05
2.011438446473242366e+05
2.037282389980204753e+05
2.063139682509856939e+05
2.089026514710374759e+05
2.114865433246984903e+05
2.140574262520059128e+05
2.166080663907687122e+05
2.191380059321308217e+05
2.216525891383402632e+05
2.241569564500395791e+05
2.266558693876795587e+05
2.291502557985270687e+05
2.316365026308749511e+05
2.341110770475959289e+05
2.365708864271711791e+05
2.390144577232036972e+05
2.414444381547198573e+05
2.438641865490010241e+05
2.462769405591841496e+05
2.486858282825888600e+05
2.510925934620176849e+05
2.534972083415272937e+05
2.558996542580102396e+05
2.582996682386574976e+05
2.606963884421576222e+05
2.630896029857941321e+05
2.654797702812564676e+05
2.678672895679151407e+05
2.702524650416251388e+05
2.726355054421097739e+05
2.750165468302948284e+05
2.773956553599119652e+05
2.797727971389039303e+05
2.764737276000925340e+05
2.704509707092736498e+05
2.645696874115887913e+05
2.588278460364621424e+05
2.532233744544957008e+05
2.477541669111001829e+05
2.424180901309296023e+05
2.372129815609769139e+05
2.321366429173738870e+05
2.271870447478894785e+05
2.223642955813360459e+05
2.176697611744079331e+05
2.131046238314538496e+05
2.086698574725744256e+05
2.043662287518597441e+05
2.001942993182464852e+05
1.961543395904976642e+05
1.922460359749333584e+05
1.884665088544173341e+05
1.848059757048042957e+05
1.812539401888055436e+05
1.778005742361715820e+05
1.744366868878662935e+05
1.711536937912103895e+05
1.679435873729912564e+05
1.647989557907967537e+05
1.617135065307636687e+05
1.586829657564087538e+05
1.557044130620967189e+05
1.527751300828771491e+05
1.498925595823109034e+05
1.470543050351884158e+05
1.442581313089607866e+05
1.415019662485403824e+05
1.387838989017872373e+05
1.361031328739054734e+05
1.334627869691519300e+05
1.308665029555155634e+05
1.283174615270324575e+05
1.258184003882473771e+05
1.233716354644562816e+05
1.209790846070072294e+05
1.186422932219700597e+05
1.163623421167431952e+05
1.141381410218017263e+05
1.119677458405703801e+05
1.098496629987880151e+05
1.077825327710564598e+05
1.057651176620916522e+05
1.037962919882244896e+05
1.018750310083536169e+05
1.000003995101492328e+05
9.817136250383392326e+04
9.638648466531754821e+04
9.464400456043974555e+04
9.294152904832053173e+04
9.127675074424105696e+04
8.964754079374867433e+04
8.805194219563831575e+04
8.648816522768716095e+04
8.495453095643952838e+04
8.344894908045425836e+04
8.196913549186452292e+04
8.051298626211528608e+04
7.907915062727939221e+04
7.766684581985406112e+04
7.627532059000014851e+04
7.490383589154889341e+04
7.355166744604226551e+04
7.221828513597181882e+04
7.090347826033232559e+04
6.960706610007505515e+04
6.832886876894162560e+04
6.706861355897897738e+04
6.582543926635407843e+04
6.459832075995007472e+04
6.338631604561530548e+04
6.218888678385937965e+04
6.100721916179571417e+04
5.984288098648207233e+04
5.869722119919128454e+04
5.757138176826433482e+04
5.646631118779427925e+04
5.538291395334481786e+04
5.432237695159036957e+04
5.328563285070192069e+04
5.227057187008177425e+04
5.127277312754235754e+04
5.028822459435363999e+04
4.931338666782593646e+04
4.834515917887577234e+04
4.738084999700382468e+04
4.641814432143294835e+04
4.545496206699479808e+04
4.449127071341054398e+04
4.353147970423782681e+04
4.258012036456276110e+04
4.164121205814331188e+04
4.071829733645250963e+04
3.981447545315004390e+04
3.893243391830576002e+04
3.807447786564397393e+04
3.724205500561575900e+04
3.643343325764282781e+04
3.564603266138025356e+04
3.487751890037736302e+04
3.412577728025858232e+04
3.338889988490727410e+04
3.266517283138986022e+04
3.195306359475480713e+04
3.125125972929751879e+04
3.055954866677881364e+04
2.987856646996873314e+04
2.920886069118357045e+04
2.855084513681237877e+04
2.790486880585722975e+04
2.727122715229455935e+04
2.665016617661261989e+04
2.604188523538959271e+04
2.544641896643410655e+04
2.486353693910459697e+04
2.429298468378310645e+04
2.373451465489098337e+04
2.318789891377670574e+04
2.265293756374631630e+04
2.212943327644778037e+04
2.161718861546713379e+04
2.111602253866724641e+04
2.062582691477557819e+04
2.014650482761253807e+04
1.967794767380625126e+04
1.922003635127242887e+04
1.877264238025798113e+04
1.833562627636643447e+04
1.790883551699759846e+04
1.749211480262739133e+04
1.708534288211954481e+04
1.668841632892804409e+04
1.630122388415935529e+04
1.592364673457781100e+04
1.555555921720632978e+04
1.519682949513596941e+04
1.484732020394695792e+04
1.450688731466729951e+04
1.417536140905345201e+04
1.385254995824467733e+04
1.353826224404583081e+04
1.323231095335089594e+04
1.293451208937409865e+04
1.264468490078453215e+04
1.236265182647736219e+04
1.208823842029673506e+04
1.182125106600562503e+04
1.156144398891106175e+04
1.130858314518629777e+04
1.106244872888604368e+04
1.082283096019894765e+04
1.058952955500189273e+04
1.036235322121196987e+04
1.014111917868699493e+04
9.925647921577050511e+03
9.715740154676097518e+03
9.511195371170990256e+03
9.311820483778445123e+03
9.117418015660505262e+03
8.927791959716500060e+03
8.742754947202303811e+03
8.562127921818248069e+03
8.385740193198400448e+03
8.213434403996338006e+03
8.045063739089217961e+03
7.880487223850971532e+03
7.719569384236697260e+03
7.562180465593596637e+03
7.408207070247732190e+03
7.257551960119328214e+03
7.110122074935157798e+03
6.965828045462315458e+03
6.824584458706530313e+03
6.686309665810554179e+03
6.550925577850477566e+03
6.418357468038264415e+03
6.288533773071809264e+03
6.161385851779337827e+03
6.036840393169250092e+03
5.914807096760690911e+03
5.795187205476111558e+03
5.677885147459008294e+03
5.562810060501697080e+03
5.449875622940327048e+03
5.338999882514262026e+03
5.230105084040752445e+03
5.123117496679547912e+03
5.017970133479091601e+03
4.914616148892883757e+03
4.813030049341958147e+03
4.713191328118473393e+03
4.615079309936742902e+03
4.518673212053828138e+03
4.423952216330803822e+03
4.330895548550297462e+03
4.239484391395478269e+03
4.149717332730240742e+03
4.061601005160694513e+03
3.975139027728554538e+03
3.890320915260149832e+03
3.807125591602997247e+03
3.725530485903197132e+03
3.645511834642491522e+03
3.567045161094529703e+03
3.490113566152136627e+03
3.414706839003637469e+03
3.340812905685272199e+03
3.268417638353093480e+03
3.197505096613126625e+03
3.128063587353391995e+03
3.060090599234908041e+03
2.993582783904642838e+03
2.928530623143081812e+03
2.864916628882827354e+03
2.802723140356933982e+03
2.741933032363017901e+03
2.682529624472992055e+03
2.624496594223089232e+03
2.567817894609439918e+03
2.512476009564552442e+03
2.458442422001901377e+03
2.405679251447283150e+03
2.354148956679338880e+03
2.303815802684814571e+03
2.254645811904633774e+03
2.206606704463661117e+03
2.159667829081125547e+03
2.113800086206850665e+03
2.068975682241145478e+03
2.025167308153583235e+03
1.982352469174592898e+03
1.940513120942398928e+03
1.899631454661572661e+03
1.859689730358653605e+03
1.820670282976589533e+03
1.782555534509737072e+03
1.745327338299158328e+03
1.708960933818420472e+03
1.673428770830969597e+03
1.638704842299820939e+03
1.604763277922126690e+03
1.571576077095104438e+03
1.539116202024843460e+03
1.507358111648656632e+03
1.476277098380762936e+03
1.445837074480731189e+03
1.415992343171661560e+03
1.386700692500765854e+03
1.357923771286096098e+03
1.329626897241341567e+03
1.301779038347791811e+03
1.274353989320885603e+03
1.247328960287253949e+03
1.220663986735452681e+03
1.194291419492493560e+03
1.168147268799375752e+03
1.142174100681926802e+03
1.116320848280651717e+03
1.090542669568275642e+03
1.064800841532272671e+03
1.039062669974010987e+03
1.013295004575145754e+03
9.874537103163145275e+02
9.614991503231199204e+02
9.353992203677779571e+02
9.091292968899790594e+02
8.826721820286985576e+02
8.560180369791852399e+02
8.291642953998868961e+02
8.021180294207061934e+02
7.749043937736723819e+02
7.475561460523923643e+02
7.201093946292694454e+02
6.926034652051246212e+02
6.650807607038847209e+02
6.375865659728503942e+02
6.101688260549392453e+02
5.828789833784339862e+02
5.557798350138915566e+02
5.289391943338850979e+02
5.024239337555258658e+02
4.762993218268651958e+02
4.506283892528451815e+02
4.254712726110593621e+02
4.008846555946232684e+02
3.769214475248971894e+02
3.536328083012217576e+02
3.310667076389339627e+02
3.092650729687092621e+02
2.882637399067756405e+02
2.680925333889132389e+02
2.487753791899505131e+02
2.303305014591467454e+02
2.127706947127701369e+02
1.961048836847424468e+02
1.803386187873992128e+02
1.654713185916790508e+02
1.514964392141691860e+02
1.384019831801389842e+02
1.261710288212869102e+02
1.147822725344262409e+02
1.042105757311730230e+02
9.442804575211543749e+01
8.540619189995396709e+01
7.711365487000163910e+01
6.951607750909272454e+01
6.257693301866968483e+01
5.625826665145755356e+01
5.052134997961021412e+01
4.532724947172209085e+01
4.063731792207546079e+01
3.641408208047827344e+01
3.262162954414292670e+01
2.922476435722741428e+01
2.618928598079195780e+01
2.348233140588909507e+01
2.107264385109206017e+01
1.893077260711978127e+01
1.702920355927654938e+01
1.534242534926485746e+01
1.384699725809150905e+01
1.252160931845333103e+01
1.134697813567032831e+01
1.030567081590224454e+01
9.382028320434869784e+00
8.562074518318127048e+00
7.833362144118057202e+00
7.184849281503096208e+00
6.606781185910563181e+00
6.090573641856247278e+00
5.628704875412390507e+00
5.214599010766845844e+00
4.842515358550949500e+00
4.507445592714594440e+00
4.205005087683296061e+00
3.931366549369215146e+00
3.683191525901664765e+00
3.457566027689074062e+00
3.251953420530067529e+00
3.064143114362294806e+00
2.892202563503164292e+00
2.734439890479965829e+00
2.589371146645255362e+00
2.455691008731580638e+00
2.332249250737565394e+00
2.218034228186056112e+00
2.112157244861306182e+00
2.013831791975773555e+00
1.922358829936162472e+00
1.837110050064836742e+00
1.757523434360517278e+00
1.683097625951516019e+00
1.613383505818057895e+00
1.547978060252233723e+00
1.486520054593084783e+00
1.428686310739760046e+00
1.374188726584098186e+00
1.322767752734455238e+00
1.274188909585680429e+00
1.228240460627169961e+00
1.184730202289062895e+00
1.143483440997011602e+00
1.104343370881052833e+00
1.067168100119801899e+00
1.031827469325417690e+00
9.981961223210593648e-01
9.661546760512846888e-01
9.355939202643580588e-01
9.064172885743374541e-01
8.785397463998259049e-01
8.518832002323615260e-01
8.263744896916797034e-01
8.019444231440615578e-01
7.785288248455155546e-01
7.560712845802071147e-01
7.345241333185973387e-01
7.138432473677081003e-01
6.939830888741123083e-01
6.748940075274233452e-01
6.565292890223215494e-01
6.388478336391134604e-01
6.218154181963752025e-01
6.054004989340907583e-01
5.895729658581130295e-01
5.743035068197254178e-01
5.595645277215386404e-01
5.453312266184561219e-01
5.315821997099009488e-01
5.182974360461211072e-01
5.054567982350044453e-01
4.930392937719582647e-01
4.810249953671921763e-01
4.693953276686253506e-01
4.581330548715943363e-01
4.472219575835816308e-01
4.366470435035614828e-01
4.263945429783687069e-01
4.164514451334180856e-01
4.068053376638648966e-01
3.974443580973658352e-01
3.883572715208920556e-01
3.795339001682217495e-01
3.709650183518616307e-01
3.626417676472172280e-01
3.545544886777484694e-01
3.466930826005191202e-01
3.390480378044970489e-01
3.316112618335819717e-01
3.243756174774488077e-01
3.173342655226593645e-01
3.104804206542721712e-01
3.038074857290327668e-01
2.973091742837923879e-01
2.909795485136436599e-01
2.848129542997023811e-01
2.788039769412027358e-01
2.729474178848150800e-01
2.672382963857034555e-01
2.616718440222775555e-01
2.562434963428171231e-01
2.509488786949904404e-01
2.457837951721893732e-01
2.407442189861752346e-01
2.358262848640905185e-01
2.310262812742589489e-01
2.263406429075846826e-01
2.217659432990755075e-01
2.172988880343259543e-01
2.129363084079601010e-01
2.086751554988939550e-01
2.045124945447478471e-01
2.004454996128012811e-01
1.964714485588578696e-01
1.925877182710307445e-01
1.887917801785067573e-01
1.850811960037003767e-01
1.814536137406213279e-01
1.779067638454890077e-01
1.744384556282675969e-01
1.710465738330450569e-01
1.677290753959995995e-01
1.644839863698171201e-01
1.613093990047833326e-01
1.582034689772799096e-01
1.551644127572400778e-01
1.521905051064894321e-01
1.492800767004770768e-01
1.464315118663230553e-01
1.436432464306306445e-01
1.409137656709056607e-01
1.382416023648140868e-01
1.356253349318835566e-01
1.330635856625771718e-01
1.305550190299693547e-01
1.280983400795953353e-01
1.256922928932473482e-01
1.233356591228176730e-01
1.210272565904507436e-01
1.187659379515521169e-01
1.165505894173866214e-01
1.143801295341455582e-01
1.122535080156377429e-01
1.101697046268216434e-01
1.081277281156487885e-01
1.061266151907384325e-01
1.041654295426624049e-01
1.022432609066102199e-01
1.003592241644397781e-01
9.851245848417920781e-02
9.670212649516045367e-02
9.492741349704737763e-02
9.318752670117200210e-02
9.148169450259124869e-02
8.980916578147558893e-02
8.816920923237960006e-02
8.656111272014979652e-02
8.498418266122234610e-02
8.343774342910247055e-02
8.192113678298799939e-02
8.043372131841504402e-02
7.897487193899119240e-02
7.754397934821195826e-02
7.614044956052806734e-02
7.476370343074317804e-02
7.341317620099785390e-02
7.208831706452205335e-02
7.078858874545418400e-02
6.951346709402141111e-02
6.826244069642849188e-02
6.703501049881666063e-02
6.583068944470603368e-02
6.464900212535254487e-02
6.348948444246778344e-02
6.235168328279685340e-02
6.123515620406548565e-02
6.013947113181646043e-02
5.906420606669846030e-02
5.800894880178992380e-02
5.697329664952537065e-02
5.595685617788004329e-02
5.495924295539658666e-02
5.398008130474638011e-02
5.301900406445270164e-02
5.207565235848018309e-02
5.114967537336857772e-02
5.024073014263420733e-02
4.934848133813475590e-02
4.847260106816094621e-02
4.761276868196898798e-02
4.676867058053277293e-02
4.594000003326827869e-02
4.512645700051134967e-02
4.432774796153618468e-02
4.354358574790381103e-02
4.277368938194894138e-02
4.201778391978666649e-02
4.127560020943175229e-02
4.054687464265304547e-02
3.983134919909860766e-02
3.912877133511299954e-02
3.843889384821832372e-02
3.776147474561743905e-02
3.709627711657854238e-02
3.644306900857224168e-02
3.580162330701103929e-02
3.517171761849040290e-02
3.455313415739229288e-02
3.394565963574484868e-02
3.334908515622397873e-02
3.276320610818880125e-02
3.218782206665753848e-02
3.162273669411216209e-02
3.106775764504294407e-02
3.052269647315096479e-02
2.998736854110253466e-02
2.946159293276703547e-02
2.894519236785415492e-02
2.843799311886302528e-02
2.793982493028249192e-02
2.745052093996017475e-02
2.696991760257441348e-02
2.649785461514342702e-02
2.603417484450434166e-02
2.557872425670108113e-02
2.513135184822569423e-02
2.469190957904654482e-02
2.426025230737646754e-02
2.383623772612267558e-02
2.341972630096799540e-02
2.301058121003633078e-02
2.260866828508563756e-02
2.221385595419591782e-02
2.182601518589315573e-02
2.144501943468002034e-02
2.107074458791719299e-02
2.070306891402621391e-02
2.034187301197543443e-02
1.998703976199799059e-02
1.963845427752525241e-02
1.929600385828533077e-02
1.895957794453894535e-02
1.862906807242204268e-02
1.830436783035834306e-02
1.798537281651716585e-02
1.767198059728083970e-02
1.736409066669925352e-02
1.706160440690051780e-02
1.676442504943020245e-02
1.647245763749848740e-02
1.618560898910409093e-02
1.590378766101400304e-02
1.562690391357650019e-02
1.535486967634210574e-02
1.508759851447497372e-02
1.482500559592586642e-02
1.456700765935666463e-02
1.431352298278616882e-02
1.406447135294578051e-02
1.381977403532212538e-02
1.357935374486980533e-02
1.334313461737655915e-02
1.311104218146425492e-02
1.288300333120887507e-02
1.265894629936457731e-02
1.243880063117215086e-02
1.222249715874561445e-02
1.200996797601129422e-02
1.180114641419463886e-02
1.159596701783558066e-02
1.139436552132130041e-02
1.119627882592329204e-02
1.100164497732566624e-02
1.081040314363218048e-02
1.062249359384197581e-02
1.043785767678137230e-02
1.025643780047860894e-02
1.007817741197565564e-02
9.903020977561237045e-03
9.730913963418479432e-03
9.561802816675304961e-03
9.395634946849400898e-03
9.232358707676666804e-03
9.071923379316147035e-03
8.914279150920115594e-03
8.759377103562712708e-03
8.607169193518891467e-03
8.457608235882308617e-03
8.310647888518773313e-03
8.166242636344774389e-03
8.024347775923991108e-03
7.884919400373717469e-03
7.747914384577495560e-03
7.613290370691822712e-03
7.481005753944790920e-03
7.351019668717673552e-03
7.223291974903120645e-03
7.097783244535670229e-03
6.974454748685628841e-03
6.853268444612850910e-03
6.734186963173680214e-03
6.617173596475425974e-03
6.502192285772530160e-03
6.389207609600384107e-03
6.278184772140801839e-03
6.169089591813530470e-03
6.061888490090049791e-03
5.956548480523581740e-03
5.853037157993123095e-03
5.751322688152334280e-03
5.651373797084629537e-03
5.553159761155104443e-03
5.456650397058071707e-03
5.361816052055010627e-03
5.268627594399087795e-03
5.177056403941567887e-03
5.087074362918627898e-03
4.998653846911021818e-03
4.911767715977128322e-03
4.826389305952587423e-03
4.742492419914430546e-03
