1.875051809403766674e+04
2.377171013563105225e+04
2.467091159573558980e+04
2.485270862471178771e+04
2.464272723238181425e+04
2.419914084063238261e+04
2.363355231676455514e+04
2.301726863931759362e+04
2.239491675832199689e+04
2.179101622416440659e+04
2.121796380176100865e+04
2.068446306340696538e+04
2.019137806760541935e+04
1.973972482953617146e+04
1.932813172650168053e+04
1.895420368967766626e+04
1.861578400987260102e+04
1.831086825941283678e+04
1.803658239391017196e+04
1.779026984380240174e+04
1.757019336111110897e+04
1.737468685529398863e+04
1.720170790323303299e+04
1.704928347074045087e+04
1.691576628804760912e+04
1.679991882120979062e+04
1.670064076070207739e+04
1.661688257607562991e+04
1.654764415766470847e+04
1.649194210275052683e+04
1.644888047393137094e+04
1.641766566093313304e+04
1.639759044802116478e+04
1.638802096235124554e+04
1.638838594755960730e+04
1.639816790207614758e+04
1.641689572299229258e+04
1.644413871486964126e+04
1.647950141506836007e+04
1.652261859085296965e+04
1.657315246193477651e+04
1.663079035462415050e+04
1.669524166682917348e+04
1.676623533788599525e+04
1.684351750511743739e+04
1.692685003032374152e+04
1.701600972812556574e+04
1.711078705036914835e+04
1.721098516898636444e+04
1.731641925928444107e+04
1.742691595167287596e+04
1.754231261061102123e+04
1.766245436536033230e+04
1.778719567155508776e+04
1.791640223312535818e+04
1.804995134508943738e+04
1.818773229375564188e+04
1.832963358594025340e+04
1.847551956471864833e+04
1.862524712245395494e+04
1.877866775592743215e+04
1.893562636059106808e+04
1.909596009648052495e+04
1.925949730581560289e+04
1.942606124442345754e+04
1.959552099955652375e+04
1.976779282339074416e+04
1.994280615116034460e+04
2.012050308409967329e+04
2.030083881240391929e+04
2.048378195828461321e+04
2.066929752092927083e+04
2.085727346133755054e+04
2.104756345728942688e+04
2.124001293950250692e+04
2.143446298151190422e+04
2.163075206118397546e+04
2.182872495128276569e+04
2.202830258741302532e+04
2.222945871818653904e+04
2.243217693120991316e+04
2.263644941155748893e+04
2.284228212751667161e+04
2.304970854093817616e+04
2.325872541662964431e+04
2.346929098105515732e+04
2.368136592015645510e+04
2.389491572333645308e+04
2.410991157212381950e+04
2.432633193934602969e+04
2.454418366739307749e+04
2.476350812762086571e+04
2.498438762131524345e+04
2.520692298922769987e+04
2.543121477158924608e+04
2.565736220063654764e+04
2.588546340062404488e+04
2.611561467997759610e+04
2.634790814379739459e+04
2.658243058991349972e+04
2.681926227515165738e+04
2.705847327046896680e+04
2.730010023009377255e+04
2.754415573484875858e+04
2.779064854419908079e+04
2.803958342030828499e+04
2.829096027957256592e+04
2.854479628250652240e+04
2.880115251464744142e+04
2.906007129894399623e+04
2.932155735879411441e+04
2.958559008459547113e+04
2.985209232647361205e+04
3.012088333447549667e+04
3.039175899339152238e+04
3.066450491596161737e+04
3.093889877314195110e+04
3.121478904622258415e+04
3.149201549309264738e+04
3.177035042300397618e+04
3.204955033132663448e+04
3.232928304055762055e+04
3.260905266785535059e+04
3.288834745913573715e+04
3.316666357085106574e+04
3.344359077138570137e+04
3.371892389697935141e+04
3.399248523594415747e+04
3.426408933730704302e+04
3.453344676666654414e+04
3.480007670601336577e+04
3.506350306611733686e+04
3.532329288613050448e+04
3.557916956697838032e+04
3.583102490988257341e+04
3.607875495371530997e+04
3.632224449410804664e+04
3.656128472736282856e+04
3.679561434682196705e+04
3.702503104736781825e+04
3.724940495820706565e+04
3.746871860428660875e+04
3.768302272244865890e+04
3.789236797808193660e+04
3.809678836517027230e+04
3.829629793326182698e+04
3.849092027279843023e+04
3.868070722404331173e+04
3.886573733325264766e+04
3.904610430791316321e+04
3.922189522909556399e+04
3.939318966959464888e+04
3.956005963332517422e+04
3.972257115724682080e+04
3.988079564358266362e+04
4.003480628348610480e+04
4.018467375507789984e+04
4.033046440367629839e+04
4.047224738638033887e+04
4.061010449366334797e+04
4.074411805106676911e+04
4.087436782743648655e+04
4.100092865207806608e+04
4.112383425656444160e+04
4.124306990323502396e+04
4.135860946760573279e+04
4.147041743499584845e+04
4.157845080323836009e+04
4.168273428908247297e+04
4.178342992033351766e+04
4.188073817645719828e+04
4.197488802753206255e+04
4.206612903687456856e+04
4.215466866076939914e+04
4.224050049674020556e+04
4.232356531360110966e+04
4.240379929223263025e+04
4.248108030493341357e+04
4.255523296372891491e+04
4.262626900792069500e+04
4.269443124467248708e+04
4.275998130032882182e+04
4.282318555065995315e+04
4.288433813421228842e+04
4.294380405622966646e+04
4.300165306515735574e+04
4.305775270847234060e+04
4.311196295171547536e+04
4.316413290526239871e+04
4.321409764013488166e+04
4.326175740802340442e+04
4.330741777041133901e+04
4.335172458084189566e+04
4.339537715385109186e+04
4.343910163531864964e+04
4.348363080898438056e+04
4.352961998547885742e+04
4.357736592239891615e+04
4.362671673229778389e+04
4.367745203100828803e+04
4.372937580602365779e+04
4.378231560019777680e+04
4.383612933283661550e+04
4.389083886738312140e+04
4.394660692610606202e+04
4.400381278134417516e+04
4.406302837039274164e+04
4.412483122981925408e+04
4.418979231317267840e+04
4.425865683822247956e+04
4.433265572652193077e+04
4.441305430605557194e+04
4.450104406697717059e+04
4.459772494407163322e+04
4.470404145406876341e+04
4.482075394036820217e+04
4.494795493651052675e+04
4.508524773745401762e+04
4.523223634891746769e+04
4.538853833559214399e+04
4.555378432350155344e+04
4.572761749282734672e+04
4.590966972984240419e+04
4.609945145646699530e+04
4.629644126558973221e+04
4.650013345501232106e+04
4.671003657871703763e+04
4.692567199186536891e+04
4.714657243321795249e+04
4.737246616803792858e+04
4.760380062145334523e+04
4.784118886814638245e+04
4.808523561583898118e+04
4.833653744776156964e+04
4.859568324811200728e+04
4.886325479995053320e+04
4.913961921232133318e+04
4.942441600488583936e+04
4.971714432880330423e+04
5.001732308612467023e+04
5.032448812889098917e+04
5.063818966866246046e+04
5.095798985826090939e+04
5.128333634364388126e+04
5.161309026448926306e+04
5.194593343333438679e+04
5.228053349118725600e+04
5.261553267197655805e+04
5.294953665243097930e+04
5.328110330255450390e+04
5.360890963615829241e+04
5.393294218912660290e+04
5.425382037203280925e+04
5.457219122772589617e+04
5.488872534042361804e+04
5.520411588217225653e+04
5.551907758153788018e+04
5.583433481362680322e+04
5.615053343895693251e+04
5.646828287471592193e+04
5.678820528037413897e+04
5.711093524372928368e+04
5.743711888933097362e+04
5.776741286442748242e+04
5.810247422522695706e+04
5.844288501084900781e+04
5.878918654217755102e+04
5.914192080216861359e+04
5.950162877576466417e+04
5.986884813683636457e+04
6.024411073464297806e+04
6.062786967120233749e+04
6.101979582993788063e+04
6.141907862319495325e+04
6.182489684513612883e+04
6.223642254821766255e+04
6.265282239355185447e+04
6.307325658675743762e+04
6.349687075908273982e+04
6.392267510666331509e+04
6.434955469053774868e+04
6.477637261507321818e+04
6.520196894347552006e+04
6.562515475941220939e+04
6.604470504764257930e+04
6.645938584710411669e+04
6.686912519953299488e+04
6.727533933707872347e+04
6.767959170835604891e+04
6.808350056435125589e+04
6.848873321032967942e+04
6.889699966790119652e+04
6.931002207261505828e+04
6.972865057159124990e+04
7.015258658435894176e+04
7.058145090871215507e+04
7.101485816564378911e+04
7.145241559213232540e+04
7.189372183025561390e+04
7.233835101122802007e+04
7.278520484609823325e+04
7.323223087867941649e+04
7.367723139183435705e+04
7.411790898864975316e+04
7.455184415425287443e+04
7.497646977640288242e+04
7.538905569549581560e+04
7.578726689126178098e+04
7.616941295762105437e+04
7.653372195283060137e+04
7.687826633772657078e+04
7.720094210250621836e+04
7.749944512810083688e+04
7.777127529522599070e+04
7.801412912421146757e+04
7.822582648041239008e+04
7.840400437321198115e+04
7.854609902996725577e+04
7.864933844754954043e+04
7.871074476761530968e+04
7.872806951107618806e+04
7.870099127324325673e+04
7.862955973741671187e+04
7.851407314518358908e+04
7.835511971618884127e+04
7.815360262604731543e+04
7.790957974916050443e+04
7.762092498517993954e+04
7.728534717697999440e+04
7.690077969993975421e+04
7.646530733855529979e+04
7.597622053380493890e+04
7.543007456757404725e+04
7.482283644466831174e+04
7.415067980738454207e+04
7.341050869128506747e+04
7.259972397097367502e+04
7.172403036799385154e+04
7.080062300106209295e+04
6.984918452202911431e+04
6.888697584219514101e+04
6.792886421136141871e+04
6.698797756426164415e+04
6.608041470051300712e+04
6.522097233169704123e+04
6.441716440119325853e+04
6.366996341025734000e+04
6.298037890635052463e+04
6.235246628627920290e+04
6.179399081764856965e+04
6.131049403558110498e+04
6.090374949513960019e+04
6.056343435338180279e+04
6.027394341123456252e+04
6.002189293749645731e+04
5.979562239431762282e+04
5.958452905185346754e+04
5.937967612896005448e+04
5.917516379654622142e+04
5.896618081832585449e+04
5.874792280217653024e+04
5.851535182514177723e+04
5.826348952504219051e+04
5.799462965874597285e+04
5.771867410939932597e+04
5.744544301488826022e+04
5.718402706697105168e+04
5.694327893869979016e+04
5.673010464472656895e+04
5.654370508883747243e+04
5.638133231494851498e+04
5.624059081979282928e+04
5.611961436121733277e+04
5.601682027460988320e+04
5.593020419837555528e+04
5.585668250630031253e+04
5.579311589251995611e+04
5.573645845820820978e+04
5.568373177578046307e+04
5.563201037913972687e+04
5.557983557119939360e+04
5.552867756308413664e+04
5.548024474057475891e+04
5.543621630790494237e+04
5.539825648026994895e+04
5.536800440820887161e+04
5.534670810956096830e+04
5.533488125650132861e+04
5.533294589692743466e+04
5.534131552007258870e+04
5.536039382213683712e+04
5.539057356259824155e+04
5.543212994581243402e+04
5.548508059296534339e+04
5.554941895362868672e+04
5.562512985385379579e+04
5.571218931778092519e+04
5.581056616750075045e+04
5.592010512329184712e+04
5.604004800718272600e+04
5.616946605699384236e+04
5.630745471895587252e+04
5.645313014218762692e+04
5.660562576107864879e+04
5.676409250118366617e+04
5.692776291829280672e+04
5.709594210481250047e+04
5.726794065254541056e+04
5.744307021843308030e+04
5.762064168889549910e+04
5.779996335633131093e+04
5.798046175970518379e+04
5.816197884203542344e+04
5.834443898394716962e+04
5.852775827832715004e+04
5.871184464598011255e+04
5.889659671038813394e+04
5.908189340949146572e+04
5.926743768201029161e+04
5.945278267079621583e+04
5.963747077353806526e+04
5.982103674550465075e+04
6.000300611215320532e+04
6.018289352730238897e+04
6.036016372750072333e+04
6.053414792523671349e+04
6.070413586972827034e+04
6.086939649035405455e+04
6.102917495172058989e+04
6.118268950187772862e+04
6.132888096771182609e+04
6.146351019125715538e+04
6.157989332431138610e+04
6.167073100497541600e+04
6.172792158010113781e+04
6.174226677755998389e+04
6.170317005482029344e+04
6.160171930633172451e+04
6.143224361431511352e+04
6.118863967938524002e+04
6.086398983629688155e+04
6.045044200970096426e+04
5.994016338961071597e+04
5.933299917347251176e+04
5.863507887767103239e+04
5.785676201263578696e+04
5.701336890662238875e+04
5.612455209152615134e+04
5.520984346861814993e+04
5.428976789601146447e+04
5.338610383160317724e+04
5.252059407433786691e+04
5.170678124272174318e+04
5.094423031261890719e+04
5.022796346951050509e+04
4.954937279341690009e+04
4.889751248246859905e+04
4.826568699110037414e+04
4.765122725274731056e+04
4.705423407685812708e+04
4.647774616206855717e+04
4.592573595217668480e+04
4.540138659495633328e+04
4.490625742817996070e+04
4.443962607458019920e+04
4.400021692720363353e+04
4.358663047309133253e+04
4.319720390620425314e+04
4.283067911506573000e+04
4.248686495998308237e+04
4.216569755282532424e+04
4.186685984884674690e+04
4.158900048650056124e+04
4.133037217679551395e+04
4.108922444514097879e+04
4.086351576927245333e+04
4.065127618798386538e+04
4.045095194740696752e+04
4.026141776959388517e+04
4.008167486821108469e+04
3.991081410741868604e+04
3.974800252580810775e+04
3.959266100665891281e+04
3.944498478060626803e+04
3.930538202742259455e+04
3.917423702119875088e+04
3.905190979709662497e+04
3.893873572975522256e+04
3.883491451876184874e+04
3.874038763763968745e+04
3.865506388760083792e+04
3.857883635271881212e+04
3.851153759396568057e+04
3.845299973869786481e+04
3.840289050559632597e+04
3.836067031550526735e+04
3.832582054494824115e+04
3.829785496285124827e+04
3.827631579393423453e+04
3.826078036282824905e+04
3.825112499761614890e+04
3.824753895245723834e+04
3.825022296449301939e+04
3.825937319518852019e+04
3.827518799213820603e+04
3.829787492769811797e+04
3.832766050417845690e+04
3.836479213752402575e+04
3.840950404125892237e+04
3.846201610958140373e+04
3.852253535339768132e+04
3.859125660445111862e+04
3.866816591382439219e+04
3.875278978194692172e+04
3.884460585078661825e+04
3.894310774525598390e+04
3.904780301062812941e+04
3.915821113178845553e+04
3.927382563776049938e+04
3.939389584754923271e+04
3.951757048211565416e+04
3.964400154684951849e+04
3.977233965175495541e+04
3.990172896693724033e+04
4.003129755505218782e+04
4.015990143814169278e+04
4.028597895872983645e+04
4.040787904591631377e+04
4.052387461465998058e+04
4.063214269224207237e+04
4.073074124128556286e+04
4.081760139737345162e+04
4.089058111824765365e+04
4.094737817912596802e+04
4.098546309755726543e+04
4.100203321812648210e+04
4.099395586439911131e+04
4.095762781829247251e+04
4.088828656523580139e+04
4.078005516728653311e+04
4.062602137816992035e+04
4.041792515034187818e+04
4.014571103838653653e+04
3.979650150532174302e+04
3.935245356394881674e+04
3.878868303089738765e+04
3.806829789343784068e+04
3.713149178634509735e+04
3.587539297551242635e+04
3.408461118234905007e+04
3.101178155398485978e+04
9.298909284037250700e+01
9.470216628628674016e+01
9.640125156188986466e+01
9.807702078236907539e+01
9.971808951804074184e+01
1.013104367386256683e+02
1.028365740917928122e+02
1.042742722152233341e+02
1.055947589475319717e+02
1.067598877255739893e+02
1.077192061176509270e+02
1.084198821411193308e+02
1.088018267276984545e+02
1.087858524531996807e+02
1.082635242690154200e+02
1.070792733140358308e+02
1.049777570280749330e+02
1.012301274208779631e+02
9.166709257149140910e+01
6.804896565488832039e+01
6.684891818368497240e+01
6.693127602612734961e+01
6.761811154483631015e+01
6.868872415917736873e+01
7.004221134422689943e+01
7.162452765002440458e+01
7.340402905205192496e+01
7.535740146384750915e+01
7.746419962827469874e+01
7.971142021741502504e+01
8.209099376433029249e+01
8.459781975397396536e+01
8.722872661245884274e+01
8.998189616095235976e+01
9.285638193483687530e+01
9.585158738924710065e+01
9.896702353194747559e+01
1.022023010362094766e+02
1.055583150460029316e+02
1.090370281021312593e+02
1.126408537206320659e+02
1.163685209566974805e+02
1.202140856281373829e+02
1.241713757650570358e+02
1.282407806826811338e+02
1.324319404482130267e+02
1.367567367882874407e+02
1.412209906384595115e+02
1.458076642282572664e+02
1.504949310254803834e+02
1.552631016559724912e+02
1.601013514379748983e+02
1.650035813276809904e+02
1.699655923741223944e+02
1.750002428931917962e+02
1.801441727070380523e+02
1.854350472033859489e+02
1.909096669646503699e+02
1.965805980727045608e+02
2.024410294630361307e+02
2.084814208128690609e+02
2.146949950768054691e+02
2.210906296639077482e+02
2.276820358365460493e+02
2.344841563714902293e+02
2.415056749142349588e+02
2.487447649820694835e+02
2.561979326156616139e+02
2.638626948064919020e+02
2.717513988158839879e+02
2.798850952862097188e+02
2.882872573178370885e+02
2.969685335669935853e+02
3.059018864060323040e+02
3.150529022885169752e+02
3.243907753866170651e+02
3.339341005046044302e+02
3.437416207246902218e+02
3.538769645697316264e+02
3.643934144187255129e+02
3.752569258679210407e+02
3.863974006081975290e+02
3.977421629229725113e+02
4.092721931689010262e+02
4.210592269785729513e+02
4.331839014298391248e+02
4.457279714615210082e+02
4.586913418943515239e+02
4.719845837438996909e+02
4.855048359372204345e+02
4.991585137920871489e+02
5.129247364569984029e+02
5.268166641091540896e+02
5.408506942139001694e+02
5.550574363477907127e+02
5.695561205814490222e+02
5.845232184392270938e+02
6.001685185289213678e+02
6.167547973979019389e+02
6.345210803884426696e+02
6.536680983499709328e+02
6.744315753395187585e+02
6.970182079845144472e+02
7.212612385896202341e+02
7.467242876068826263e+02
7.729744698525394142e+02
8.001162646115161579e+02
8.284270413459781821e+02
8.581386277463968781e+02
8.891793560278636050e+02
9.213695973691561676e+02
9.545785034130526583e+02
9.888591670995411960e+02
1.024298579491719693e+03
1.060954260138600375e+03
1.098817461881083773e+03
1.137865103910796734e+03
1.178087553502172568e+03
1.219503482720009742e+03
1.262129498996143866e+03
1.305956554719018641e+03
1.350935720148583414e+03
1.396998429943064821e+03
1.444083241167909136e+03
1.492155420062645362e+03
1.541169441395203648e+03
1.591051981508163863e+03
1.641683283463821908e+03
1.692908453389149372e+03
1.744534539378078534e+03
1.796331137730988303e+03
1.848003419869629852e+03
1.899159667051990482e+03
1.949266918807710908e+03
1.997579911682272041e+03
2.043029188409443123e+03
2.083990742512490215e+03
2.117943232831370096e+03
2.141849857064713433e+03
2.152027079618221705e+03
2.144562321890323801e+03
2.118606463761183932e+03
2.083136286764527995e+03
2.053160419584765805e+03
2.029985852462571984e+03
2.011144516307184176e+03
1.994848096717278395e+03
1.979651363248798134e+03
1.964424198395452777e+03
1.949025047044664234e+03
1.933642691172555942e+03
1.918463638930371417e+03
1.903668779573278016e+03
1.889418993587695695e+03
1.875740773158245247e+03
1.862582748047020914e+03
1.849895165877299632e+03
1.837630760458982650e+03
1.825744646803936575e+03
1.814201471007909049e+03
1.802977411592190265e+03
1.792050450696286816e+03
1.781399590482880512e+03
1.771004779427077210e+03
1.760865702007308755e+03
1.751052206089632136e+03
1.741646826908117873e+03
1.732727196425753164e+03
1.724365674357409944e+03
1.716637022275209347e+03
1.709742380816568811e+03
1.703969809875359033e+03
1.699572254043773000e+03
1.696761166856856107e+03
1.695706855637886520e+03
1.696507788633510245e+03
1.699019408663246168e+03
1.703032442970664761e+03
1.708369617323591456e+03
1.714878594115248006e+03
1.722426411042280279e+03
1.730894605744046885e+03
1.740154082171006166e+03
1.750057985023118135e+03
1.760466387250708749e+03
1.771244772027592489e+03
1.782261073923787990e+03
1.793383033121162498e+03
1.804480155421959807e+03
1.815501718957272260e+03
1.826470959514918832e+03
1.837414799472838013e+03
1.848361179974142715e+03
1.859338963138151257e+03
1.870377832483580960e+03
1.881506549548377507e+03
1.892735082650849790e+03
1.904060921363200805e+03
1.915481278705604154e+03
1.926993300394367907e+03
1.938594061778781224e+03
1.950280564778945291e+03
1.962045780977463437e+03
1.973851627822686169e+03
1.985644385604919989e+03
1.997368441611115486e+03
2.008966014560888198e+03
2.020376786612070191e+03
2.031537518040375062e+03
2.042344294791034599e+03
2.052498346328591197e+03
2.061611816297708174e+03
2.069245630524224907e+03
2.074887753978191085e+03
2.077922843998036569e+03
2.077598412889632073e+03
2.073340307752804165e+03
2.064947432590470271e+03
2.052284278832454220e+03
2.035275113700998645e+03
2.013922835535353215e+03
1.988435855529820856e+03
1.959586760642962872e+03
1.928490639091928188e+03
1.896453000786808389e+03
1.864824344896859657e+03
1.834162673335689988e+03
1.804097980346157783e+03
1.774231747615706809e+03
1.744181664561613388e+03
1.713641111323846189e+03
1.682673361773918487e+03
1.651463033471325161e+03
1.620194824271454763e+03
1.587851021492061363e+03
1.549377748661593387e+03
1.511835936715074013e+03
1.475203024071058962e+03
1.439456994886257007e+03
1.404576365656628468e+03
1.370540173061522182e+03
1.337327961554082322e+03
1.304919770270700838e+03
1.273296120891761120e+03
1.242438006755972083e+03
1.212326881569318402e+03
1.182944647590587920e+03
1.154273644688525792e+03
1.126296640065096199e+03
1.098996817951965113e+03
1.072357770092550481e+03
1.046363485809006306e+03
1.020998338975333354e+03
9.962470791078601451e+02
9.720948354952729460e+02
9.485271070837162597e+02
9.255297330076452909e+02
9.030888849693436669e+02
8.811910680215854654e+02
8.598231136982432190e+02
8.389721837164867111e+02
8.186257583266187794e+02
7.987715988064148860e+02
7.793977467485595980e+02
7.604925490488902824e+02
7.420446463997318460e+02
7.240429529757529963e+02
7.064766492927551553e+02
6.893351691125562866e+02
6.726081976358702832e+02
6.562856856042695881e+02
6.403578351582546020e+02
6.248150664570023309e+02
6.096480217136198689e+02
5.948475881690185361e+02
5.804048825915364205e+02
5.663112205911025967e+02
5.525581201609678601e+02
5.391373162437192832e+02
5.260407490926501168e+02
5.132605464833374072e+02
5.007890230599543315e+02
4.886186823711545344e+02
4.767422107200706023e+02
4.651524712513485724e+02
4.538424992845146448e+02
4.428054959508285719e+02
4.320348259872617405e+02
4.215240182636794088e+02
4.112667591502012669e+02
4.012568830942012710e+02
3.914883720357593688e+02
3.819553574745149831e+02
3.726521141966355231e+02
3.635730527313476159e+02
3.547127175653419044e+02
3.460657855166127774e+02
3.376270622361700475e+02
3.293914788553557855e+02
3.213540889364807072e+02
3.135100653857987254e+02
3.058546976825311390e+02
2.983833892952507654e+02
2.910916548205092909e+02
2.839751170832935827e+02
2.770295046294943972e+02
2.702506493635081597e+02
2.636344839968220981e+02
2.571770395033876753e+02
2.508744427958847609e+02
2.447229144837212402e+02
2.387187666145177332e+02
2.328584004808864449e+02
2.271383044692121871e+02
2.215550519109015113e+02
2.161052990714242981e+02
2.107857832808422245e+02
2.055933209599105567e+02
2.005248055521089157e+02
1.955772057022809918e+02
1.907475636688793941e+02
1.860329935433162802e+02
1.814306792700709252e+02
1.769378729515773614e+02
1.725518934715296666e+02
1.682701249213580184e+02
1.640900147561769700e+02
1.600090721822481896e+02
1.560248668810898494e+02
1.521350276159744794e+02
1.483372405933166363e+02
1.446292479481670341e+02
1.410088464815875398e+02
1.374738863740719239e+02
1.340222697580341844e+02
1.306519493353406176e+02
1.273609271250141575e+02
1.241472532288000110e+02
1.210090245671345883e+02
1.179443836401742232e+02
1.149515173218447046e+02
1.120286556643855249e+02
1.091740707386847617e+02
1.063860755269045058e+02
1.036630228170109831e+02
1.010033040690912998e+02
9.840534832352348360e+01
9.586762120830130129e+01
9.338862396674382182e+01
9.096689243842881467e+01
8.860099607002516109e+01
8.628953701742813109e+01
8.403114929265186106e+01
8.182449792417364165e+01
7.966827816197191225e+01
7.756121471013811686e+01
7.550206106488089119e+01
7.348962049695288101e+01
7.152277170672620343e+01
6.960043135885095467e+01
6.772154697176779337e+01
6.588509702601933782e+01
6.409009514834116317e+01
6.233558928151390433e+01
6.062065472680058775e+01
5.894438972587619219e+01
5.730591862769520617e+01
5.570439305641635030e+01
5.413899109416406930e+01
5.260891817575706852e+01
5.111340706661710698e+01
4.965171551769107339e+01
4.822312500822744141e+01
4.682694048012290011e+01
4.546248983666988863e+01
4.412912345484139109e+01
4.282621420745806518e+01
4.155316656264061237e+01
4.030950913263239244e+01
3.909485344445347721e+01
3.790883282153099287e+01
3.675110129421295113e+01
3.562132942384127432e+01
3.451919533657959249e+01
3.344438396229849531e+01
3.239658999743804202e+01
3.137552263868624536e+01
3.038089699389783860e+01
2.941242606321718256e+01
2.846981606145199706e+01
2.755277367638478481e+01
2.666100277250641781e+01
2.579406649320897671e+01
2.495138303143485103e+01
2.413236626007521224e+01
2.333644224521294674e+01
2.256305181303540408e+01
2.181164802864334717e+01
2.108168866044118062e+01
2.037263867068736189e+01
1.968397504617728444e+01
1.901519113750002532e+01
1.836579464526973737e+01
1.773531268324830279e+01
1.712337365693759139e+01
1.652966402609943231e+01
1.595387130976390466e+01
1.539568154807194844e+01
1.485477562365618276e+01
1.433082798125649582e+01
1.382350633413422258e+01
1.333247099474112751e+01
1.285737614527755568e+01
1.239787290298666456e+01
1.195355150325569937e+01
1.152382120295250623e+01
1.110808698325602784e+01
1.070578964130394795e+01
1.031640464485385955e+01
9.939441344683746848e+00
9.574441207811224430e+00
9.220976254292196472e+00
8.878647539525420740e+00
8.547082949926005924e+00
8.226064044598293989e+00
7.915851463086879924e+00
7.616733757791902981e+00
7.328905446193453521e+00
7.052476378377684263e+00
6.787478717399542560e+00
6.533875750702337726e+00
6.291574083937317319e+00
6.060435207780780154e+00
5.840285531540073016e+00
5.630854997985165866e+00
5.431674766967201862e+00
5.242263263717051203e+00
5.062170190029399386e+00
4.890977698421786535e+00
4.728299283772482653e+00
4.573768370192126120e+00
4.427030729660615727e+00
4.287748012118892227e+00
4.155598798101109104e+00
4.030160669072382795e+00
3.910824656016340661e+00
3.797013552932649194e+00
3.688194246445481994e+00
3.583862343043083154e+00
