5.975480261195767473e-02
4.062195492032892596e-02
3.727194443850523342e-02
3.596977759854896178e-02
3.528886968016420322e-02
3.487017512198255231e-02
3.459136684355190727e-02
3.439730613411426385e-02
3.425658859555731628e-02
3.414934208115470021e-02
3.407220141511432127e-02
3.400787262972303215e-02
3.396052438881109331e-02
3.392177137760808009e-02
3.388882761932641985e-02
3.386368369523946181e-02
3.384244661536767868e-02
3.382404723294646365e-02
3.380900077716691293e-02
3.379685621946080382e-02
3.378686917743223272e-02
3.377861534317762315e-02
3.377193579337189194e-02
3.376670661810883545e-02
3.376281722673699776e-02
3.376017011502364246e-02
3.375867570016259644e-02
3.375825168445530794e-02
3.375882316195728816e-02
3.376031885892462336e-02
3.376266970579085841e-02
3.376581988735814777e-02
3.376971954822173549e-02
3.377432530352560830e-02
3.377960055234825731e-02
3.378551389762356194e-02
3.379203798566527556e-02
3.379914869467083582e-02
3.380682459963831044e-02
3.381504665822080563e-02
3.382379806991700488e-02
3.383306426905459408e-02
3.384283303887020838e-02
3.385309544035206702e-02
3.386384631667384293e-02
3.387508365378968933e-02
3.388680878698104026e-02
3.389902667795245683e-02
3.391174618513277672e-02
3.392497787792743413e-02
3.393872847789172059e-02
3.395300397565842454e-02
3.396781028859294227e-02
3.398315290463492511e-02
3.399903635522196627e-02
3.401546456740967006e-02
3.403244089077530482e-02
3.404996831593218309e-02
3.406805010516256865e-02
3.408668920506480876e-02
3.410588807165513409e-02
3.412564864870788056e-02
3.414597270683381730e-02
3.416687639113212549e-02
3.418842532434329673e-02
3.421070957935346685e-02
3.423382739572752853e-02
3.425788498687934447e-02
3.428299611393424706e-02
3.430923069314781998e-02
3.433654449842841322e-02
3.436486669774042185e-02
3.439411451181219326e-02
3.442419338432389092e-02
3.445505541097614727e-02
3.448689217261596829e-02
3.451997481781039073e-02
3.455459544733129051e-02
3.459106579411793531e-02
3.462961027292128791e-02
3.467006032633744572e-02
3.471212750859455770e-02
3.475549199892914720e-02
3.479980244962738861e-02
3.484489847796719275e-02
3.489119594245741057e-02
3.493924318016403824e-02
3.498963217033872891e-02
3.504298776863576381e-02
3.509956456467272501e-02
3.515903110511845592e-02
3.522098409692404897e-02
3.528498259952865534e-02
3.535057874355160973e-02
3.541801514139734930e-02
3.548820242010528730e-02
3.556215561670978548e-02
3.564097130579501477e-02
3.572571319900551962e-02
3.581659347438179847e-02
3.591333545318114995e-02
3.601563988398476246e-02
3.612318761869498518e-02
3.623570856654184658e-02
3.635371207695069218e-02
3.647827440129797899e-02
3.661052613767670771e-02
3.675160880482714748e-02
3.690264190407966521e-02
3.706433733630487559e-02
3.723685390696775815e-02
3.742030019129163193e-02
3.761447968781248680e-02
3.781901908326387035e-02
3.803355522501540575e-02
3.825795351182926379e-02
3.849234314386694444e-02
3.873682573531490175e-02
3.899143645905020494e-02
3.925591177445747482e-02
3.952973593799689878e-02
3.981230874401206488e-02
4.010284255930456065e-02
4.040041761405091525e-02
4.070407327193083930e-02
4.101280798408389605e-02
4.132559224355688426e-02
4.164135651859804388e-02
4.195897252519940196e-02
4.227726273596661005e-02
4.259501237717060879e-02
4.291093094738776537e-02
4.322367306091193934e-02
4.353206143268522482e-02
4.383497580677620659e-02
4.413123848759121365e-02
4.441962960828138574e-02
4.469892674003300009e-02
4.496785599178032555e-02
4.522527292230465318e-02
4.547067113626088869e-02
4.570373036969339886e-02
4.592414754672611427e-02
4.613144456635568519e-02
4.632511825209482959e-02
4.650471735717423560e-02
4.666974136777118226e-02
4.681964718157177047e-02
4.695438869037005247e-02
4.707446144068368893e-02
4.718056871284128512e-02
4.727362603279398195e-02
4.735468591526355991e-02
4.742400807057031709e-02
4.748133791734049369e-02
4.752641268567311256e-02
4.755895519587843845e-02
4.757959586787893769e-02
4.759106513099150421e-02
4.759660317050740802e-02
4.759963204553145644e-02
4.760309799176171142e-02
4.760708622540976015e-02
4.761068121040544499e-02
4.761281057159021113e-02
4.761243736732762022e-02
4.761124110627412698e-02
4.761308233701337655e-02
4.762189892878063158e-02
4.764149433777940812e-02
4.767395059538186847e-02
4.771820830047996537e-02
4.777290516666123782e-02
4.783674045344611658e-02
4.790856168175575830e-02
4.798922702977034133e-02
4.808104637551808419e-02
4.818549248178068817e-02
4.830372501683638520e-02
4.843665134706550551e-02
4.858376494767993603e-02
4.874335121982863867e-02
4.891375907267941914e-02
4.909343112059147418e-02
4.928087908858885813e-02
4.947488995160754383e-02
4.967534469244489631e-02
4.988240608575399138e-02
5.009612045491133175e-02
5.031641051746908039e-02
5.054314489737115473e-02
5.077597762159349187e-02
5.101388980327697248e-02
5.125577773175195306e-02
5.150127827940129827e-02
5.175049799389481314e-02
5.200360865614407635e-02
5.226088258727721453e-02
5.252294535998624364e-02
5.279064640725845969e-02
5.306505050515242239e-02
5.334732972441258436e-02
5.363871815541835369e-02
5.394050862283462922e-02
5.425405166423476894e-02
5.458033796510682739e-02
5.491955079814184876e-02
5.527180372844667233e-02
5.563724441741715876e-02
5.601605669209117067e-02
5.640847191155572843e-02
5.681488771439479474e-02
5.723572245506577949e-02
5.767136430548672199e-02
5.812218653993173056e-02
5.858854565689058241e-02
5.907078629925832658e-02
5.956927869522560259e-02
6.008434959053123720e-02
6.061635454993453964e-02
6.116591771439391229e-02
6.173363327558826358e-02
6.232020913433012482e-02
6.292752700307101266e-02
6.355800926214263957e-02
6.421420838751801252e-02
6.489878384166074266e-02
6.561447935436197365e-02
6.636405978044203346e-02
6.715006308542091629e-02
6.797474936569548876e-02
6.884038103815280640e-02
6.974927030685459939e-02
7.070377474153298480e-02
7.170630682839723713e-02
7.275934164122715986e-02
7.386531346758846983e-02
7.502661476409358543e-02
7.624562479734882381e-02
7.752473797816888945e-02
7.886614860703623775e-02
8.026989272422710431e-02
8.173493108674058372e-02
8.326033879737416987e-02
8.484529372241619849e-02
8.648905596800594842e-02
8.819094714853252526e-02
8.995009402258907771e-02
9.176519761010866472e-02
9.363489513343591086e-02
9.555778168199347000e-02
9.753238541452412258e-02
9.955714280279909234e-02
1.016306584905187632e-01
1.037547284159874433e-01
1.059333731511138132e-01
1.081708662531555287e-01
1.104717105079652401e-01
1.128406485232515549e-01
1.152826747433407795e-01
1.178021093289333132e-01
1.203998876583544653e-01
1.230760974614817232e-01
1.258307786742333401e-01
1.286639031758214646e-01
1.315753540724558246e-01
1.345648867721098429e-01
1.376304826375278345e-01
1.407668086205796643e-01
1.439675482115092275e-01
1.472255792824648246e-01
1.505328555701563320e-01
1.538802822375006651e-01
1.572579475673014926e-01
1.606620304628901819e-01
1.640952572264423870e-01
1.675611074433350778e-01
1.710635947401210888e-01
1.746072755215710426e-01
1.781972560970393471e-01
1.818391400607935748e-01
1.855387895755395145e-01
1.893025045597894751e-01
1.931371146996868349e-01
1.970499873297701099e-01
2.010490358306605829e-01
2.051427529500766678e-01
2.093411388282393482e-01
2.136560647316979034e-01
2.181001990995171669e-01
2.226869212588923341e-01
2.274303102114111075e-01
2.323451310756063926e-01
2.374448514974243363e-01
2.427301886683033705e-01
2.481962415132542010e-01
2.538376468144226128e-01
2.596484866826904159e-01
2.656221773291321808e-01
2.717513524859089813e-01
2.780267154952348330e-01
2.844349478102759510e-01
2.909606425133470231e-01
2.975865240461816330e-01
3.042931828038084596e-01
3.110587778516686330e-01
3.178592595797516407e-01
3.246866646510144783e-01
3.315562163134470608e-01
3.384870457438398095e-01
3.455008918863747835e-01
3.526220621393517107e-01
3.598773765757048992e-01
3.672923385644794592e-01
3.748728169031217416e-01
3.826171639930796564e-01
3.905233165276993379e-01
3.985887585254388465e-01
4.068104740934070929e-01
4.151846638898790132e-01
4.236961259627076148e-01
4.323124796978251028e-01
4.409962945987931926e-01
4.497055124438850693e-01
4.583927758884253079e-01
4.670046898371960631e-01
4.754843830618339373e-01
4.837847381024852900e-01
4.918587821995384912e-01
4.996547954762525778e-01
5.071158884505239106e-01
5.141795435122076263e-01
5.207788233773084086e-01
5.268540019401463104e-01
5.323478904737412032e-01
5.372007768105562242e-01
5.413500630117129564e-01
5.447280936386944550e-01
5.472826328839063281e-01
5.490250222217236686e-01
5.499916143129742752e-01
5.502342109050670782e-01
5.498277679100960214e-01
5.488692120315828982e-01
5.473899685774864521e-01
5.454038631356747935e-01
5.429290553433618882e-01
5.399457023048245263e-01
5.364075666703430612e-01
5.322367420780248493e-01
5.273787292790782510e-01
5.218693718663882652e-01
5.157873565139829974e-01
5.092987349977147193e-01
5.025655160868445215e-01
4.957118212253796563e-01
4.889202547411965472e-01
4.824945560841532588e-01
4.766761313126606781e-01
4.715951223046676022e-01
4.672723424819663629e-01
4.637241336208600684e-01
4.609929097708450052e-01
4.591629462193824174e-01
4.583033384411211442e-01
4.584579293291863866e-01
4.596220344202265884e-01
4.616148020044255618e-01
4.642244822689277628e-01
4.672712401275331828e-01
4.705938498460358610e-01
4.740421613675014911e-01
4.775042266999295348e-01
4.808950883217231187e-01
4.841269686718643328e-01
4.871066779704369409e-01
4.897332004524880267e-01
4.919802755493239421e-01
4.939899995337544980e-01
4.959369986421702237e-01
4.980027982996854674e-01
5.003673847627180260e-01
5.031611915864732110e-01
5.063790986312013409e-01
5.099931969229201112e-01
5.139787992126897409e-01
5.183138683587520390e-01
5.229764418226865441e-01
5.279269994460082938e-01
5.331171529045369839e-01
5.384995771292379052e-01
5.440273068430218073e-01
5.496530655482251282e-01
5.553524035204898679e-01
5.611544555421922320e-01
5.670969820682679741e-01
5.732189336921948986e-01
5.795601883072174498e-01
5.861603574632987534e-01
5.930458260816960925e-01
6.002327715903863492e-01
6.077371106435236481e-01
6.155747799011447308e-01
6.237617703957594184e-01
6.323127162109615229e-01
6.412342438939530043e-01
6.505302138276248813e-01
6.602045537620510052e-01
6.702612984203526469e-01
6.807046215740915063e-01
6.915365697124274957e-01
7.027498925984531075e-01
7.143350558999232991e-01
7.262825727062309777e-01
7.385828715854928506e-01
7.512261706428239316e-01
7.642025750267156248e-01
7.775028355801316682e-01
7.911174905951405822e-01
8.050364537692580313e-01
8.192489225355485960e-01
8.337432763252947687e-01
8.485078733819718666e-01
8.635372684441173785e-01
8.788288127150906126e-01
8.943793940226678618e-01
9.101853800078607559e-01
9.262425775955958063e-01
9.425458380106566114e-01
9.590844473496492606e-01
9.758429048454898558e-01
9.928039929644889572e-01
1.009948679115356018e+00
1.027255919679679330e+00
1.044702362203430601e+00
1.062260395300709481e+00
1.079897652902561234e+00
1.097578205646297489e+00
1.115262194377362848e+00
1.132905321607996951e+00
1.150454871330488071e+00
1.167759934638255670e+00
1.184546864485611417e+00
1.200494295159387992e+00
1.215223700533346607e+00
1.228280474405872624e+00
1.239132915703613502e+00
1.247384977260836747e+00
1.252734499232197152e+00
1.254861084869438370e+00
1.253433574585271160e+00
1.248161906205808469e+00
1.239167101632818957e+00
1.226959906273138445e+00
1.212246196838203227e+00
1.195898967416501701e+00
1.179025730314016585e+00
1.162807013540650303e+00
1.148343323684097417e+00
1.136333565292349856e+00
1.126867408112002478e+00
1.119214604968965299e+00
1.112673288378424052e+00
1.106643634795408282e+00
1.100568134055429192e+00
1.094435804825417691e+00
1.088523426994574717e+00
1.083076648645479034e+00
1.078348337406269453e+00
1.074496545140111614e+00
1.071492205416872956e+00
1.069317104969216947e+00
1.067951366719690265e+00
1.067367896861995069e+00
1.067553573918381016e+00
1.068503204938358930e+00
1.070200888586586130e+00
1.072633820886442546e+00
1.075789370359642616e+00
1.079618456884791300e+00
1.084055048217903217e+00
1.089040602676512703e+00
1.094523883577995349e+00
1.100457709399083273e+00
1.106812883992646324e+00
1.113571967733593127e+00
1.120718636412767033e+00
1.128237383710071429e+00
1.136113864425120301e+00
1.144352508695033244e+00
1.152978400635046752e+00
1.162018157817528818e+00
1.171498947653320410e+00
1.181448469253601363e+00
1.191890401073696371e+00
1.202838527733014029e+00
1.214306121618615952e+00
1.226307384878080997e+00
1.238857410066683151e+00
1.251970556865073636e+00
1.265647696241605669e+00
1.279883396048931088e+00
1.294672986598321973e+00
1.310012511782548961e+00
1.325898670547711822e+00
1.342336034277780143e+00
1.359346143366123361e+00
1.376953095949225103e+00
1.395181306100032881e+00
1.414055643210447188e+00
1.433601490831230896e+00
1.453843228177147173e+00
1.474804093647137604e+00
1.496507547820510986e+00
1.518977427402062652e+00
1.542238040224179763e+00
1.566312241360391155e+00
1.591199050313820695e+00
1.616881430545873188e+00
1.643341814204056783e+00
1.670562147467883118e+00
1.698523646613986138e+00
1.727205009539044767e+00
1.756565764319875766e+00
1.786551218041387834e+00
1.817102507661328303e+00
1.848156016543103686e+00
1.879642553307462327e+00
1.911483868731645996e+00
1.943556890603586274e+00
1.975697385918883331e+00
2.007721423345627532e+00
2.039422093170291550e+00
2.070564804952701010e+00
2.100883313382722051e+00
2.130094566029904435e+00
2.157889141506653896e+00
2.183910208896008065e+00
2.207743282635297177e+00
2.228903434968610764e+00
2.246801506667140291e+00
2.260664940731715866e+00
2.269532060579249499e+00
2.272202328951881345e+00
2.267110676644485512e+00
2.252061121391134346e+00
2.223656105163247076e+00
2.176212866472763352e+00
2.099749973974049500e+00
1.974175325484637478e+00
1.699065715748098393e+00
1.091042335532014032e-03
1.126848985930340146e-03
1.162273678665086060e-03
1.196905149881865877e-03
1.230205323421634800e-03
1.261453119333176640e-03
1.289650963041177011e-03
1.313359024665538329e-03
1.330465061736025439e-03
1.338448215990894552e-03
1.334108137566609445e-03
1.313042012253295325e-03
1.269188407527934012e-03
1.181851406419033232e-03
7.252569313398176277e-04
7.047286713451171450e-04
7.120388205485836310e-04
7.301132160668536526e-04
7.549576980296126292e-04
7.850213433630090368e-04
8.195973267592169403e-04
8.583572585400225290e-04
9.010963330850845724e-04
9.476526089112292722e-04
9.979831003725531807e-04
1.052123358296293970e-03
1.110159842465391605e-03
1.172214676495358194e-03
1.238437878671598156e-03
1.309002085634060255e-03
1.384097874726706581e-03
1.463927933780793207e-03
1.548702191007554933e-03
1.638638234892968344e-03
1.733963866680426685e-03
1.834919980883639896e-03
1.941755914113705607e-03
2.054778892828244222e-03
2.174350039239446135e-03
2.300850964554826319e-03
2.434693746279918431e-03
2.576335250123408006e-03
2.726266661757276340e-03
2.885003291943126491e-03
3.053070431056984987e-03
3.231021047862988032e-03
3.419450415853012709e-03
3.619014159064540444e-03
3.830414529158046241e-03
4.054399961409235406e-03
4.291769596226020778e-03
4.543379929420142578e-03
4.810097544814596372e-03
5.092712605728888162e-03
5.391986046348574806e-03
5.708838419474516687e-03
6.044576779893361985e-03
6.400678466662437782e-03
6.778302158514102824e-03
7.177787622171607346e-03
7.599279592571067318e-03
8.043621424343542006e-03
8.512930891031032093e-03
9.009647213016953871e-03
9.535163319232781848e-03
1.008892686172373036e-02
1.066995436528907909e-02
1.127742842949818955e-02
1.191097064082059787e-02
1.257025249208543020e-02
1.325663474273025208e-02
1.397503727204298801e-02
1.473126017659569936e-02
1.553114624435126059e-02
1.637718759986428463e-02
1.727049433836715803e-02
1.821209915901289556e-02
1.920480298305157416e-02
2.025308844026666236e-02
2.136191550848464543e-02
2.253568977761430392e-02
2.377728426123387404e-02
2.508935004024040114e-02
2.647524709400838130e-02
2.794114928277802515e-02
2.949394112651628277e-02
3.113969039210252865e-02
3.287818171444526621e-02
3.470553006451246314e-02
3.661757278154714745e-02
3.861974043657159100e-02
4.072506836683136011e-02
4.294868530147191721e-02
4.529731384941583505e-02
4.776184141918134868e-02
5.033012656618535141e-02
5.299643906448286979e-02
5.577711298448042448e-02
5.869472168330926859e-02
6.177388452024093479e-02
6.502149256572264946e-02
6.842713002205588757e-02
7.197938261960286355e-02
7.567314393488136504e-02
7.951993523269247632e-02
8.353505617044101883e-02
8.773479817669861680e-02
9.214845967946520833e-02
9.682294157934355494e-02
1.018093438253594718e-01
1.071622105515581125e-01
1.129173376441349880e-01
1.190951663908195873e-01
1.257141569998496966e-01
1.327650408469116805e-01
1.401941044988553042e-01
1.479381186779653023e-01
1.559563263626960461e-01
1.642467700042680445e-01
1.727958085967384316e-01
1.815636027240512262e-01
1.904675136582221207e-01
1.993855691584789092e-01
2.081439942054857661e-01
2.164752124326589644e-01
2.239334018512199875e-01
2.299005794715028306e-01
2.335855385610859092e-01
2.341331850570413653e-01
2.316371247259771671e-01
2.287039031753488605e-01
2.273554488938680507e-01
2.270884676416770609e-01
2.274445219908499127e-01
2.280883627074649089e-01
2.287483084914981313e-01
2.293441276337503387e-01
2.299122379206015865e-01
2.304909953493487207e-01
2.311177837785697298e-01
2.318253171923159439e-01
2.326184204014679346e-01
2.334891788971263094e-01
2.344297867987661932e-01
2.354326546342045967e-01
2.364910581250714294e-01
2.376014206258765527e-01
2.387614780786710966e-01
2.399689252593078803e-01
2.412212203727192028e-01
2.425170998631332731e-01
2.438689759830061088e-01
2.452961484467270081e-01
2.468178653169113834e-01
2.484531865517347338e-01
2.502233972399423578e-01
2.521807508311251222e-01
2.543957001637373039e-01
2.569329556504959533e-01
2.598501552636908740e-01
2.631975357894445477e-01
2.669929301456811510e-01
2.712043970179282004e-01
2.758008880496012893e-01
2.807567739107714178e-01
2.860504261942143911e-01
2.916631224392394750e-01
2.975741569936096731e-01
3.037556195965047112e-01
3.101791316464183601e-01
3.168159834696933075e-01
3.236362347563795927e-01
3.306078486305355502e-01
3.376993798372054933e-01
3.449056872545013253e-01
3.522357570076011801e-01
3.596994679172847431e-01
3.673075084806426971e-01
3.750713828120754156e-01
3.830033647049955192e-01
3.911128166110012794e-01
3.994033213194426724e-01
4.078779085705759866e-01
4.165396133242071364e-01
4.253914725180276135e-01
4.344365216242441763e-01
4.436761033662801057e-01
4.531003820659338377e-01
4.626939042057449103e-01
4.724394419481804941e-01
4.823177675216798743e-01
4.923073976842554100e-01
5.023831595639063341e-01
5.124724053266770385e-01
5.224326936684038358e-01
5.320919249330615663e-01
5.412417575019015104e-01
5.496235667466238262e-01
5.569090656677276874e-01
5.627948846350101508e-01
5.671337809423234733e-01
5.698114660619317817e-01
5.707398028691429426e-01
5.698683465511938939e-01
5.672735279896997662e-01
5.632896778572203944e-01
5.584004835334798189e-01
5.531799600123501470e-01
5.481351048728438924e-01
5.432540624427890652e-01
5.383570699716009322e-01
5.332684452547851173e-01
5.278230259313316797e-01
5.219999163665571817e-01
5.158770650665805979e-01
5.095371517003661754e-01
5.030577179037134528e-01
4.963917271987756119e-01
4.893793701836330889e-01
4.818506773220977424e-01
4.736281209395263314e-01
4.646071312227261219e-01
4.547554781902169441e-01
4.440427729715766825e-01
4.324697171609445112e-01
4.202678118781126293e-01
4.077894602529848478e-01
3.953911493002237321e-01
3.831342891171211074e-01
3.706797125668644388e-01
3.576495051835624217e-01
3.439890493527206217e-01
3.309088950932298490e-01
3.196730627310699901e-01
3.109139226441159920e-01
3.043527590827500018e-01
2.995628552703406000e-01
2.962315916572963448e-01
2.940696283342156270e-01
2.926565412139380817e-01
2.916306212516256990e-01
2.906904197925075373e-01
2.895601505507691686e-01
2.881436980877728482e-01
2.865187712224017691e-01
2.847752929533919342e-01
2.830084730906242685e-01
2.812848265927937463e-01
2.795839748542977010e-01
2.778718709059461722e-01
2.761113209071644481e-01
2.742695286523578191e-01
2.723826786755496610e-01
2.705189085657497272e-01
2.687480633272243957e-01
2.671362955415115814e-01
2.656032411393619563e-01
2.638724461337069171e-01
2.616198121169130975e-01
2.584416720280162671e-01
2.538918233517562517e-01
2.477250724849942298e-01
2.397693809822412370e-01
2.298761367391437271e-01
2.185047003444753055e-01
2.068481407997652677e-01
1.959876918121202238e-01
1.860063169037685371e-01
1.765754900843887476e-01
1.675003466939380403e-01
1.587821204697304200e-01
1.504648376709019353e-01
1.425601950732609258e-01
1.350453990090400569e-01
1.278975150040200792e-01
1.211006444047472708e-01
1.146426848602746101e-01
1.085106133458275113e-01
1.026903321795489543e-01
9.716769161874988514e-02
9.192928994290407163e-02
8.696212079449097687e-02
8.225352371320614198e-02
7.779127539666397251e-02
7.356361026339378051e-02
6.955922696182713361e-02
6.576738265129658534e-02
6.217806458385376905e-02
6.161113584170148372e-02
6.161160907610926246e-02
6.161207634740102634e-02
6.161253761252772493e-02
6.161299282422380563e-02
6.161344191955548527e-02
6.161388483385822623e-02
6.161432153121582794e-02
6.161475195986414188e-02
6.161517600717183324e-02
6.161559357227230221e-02
6.161600459901229315e-02
6.161640900104772139e-02
6.161680664869399748e-02
6.161719742130774419e-02
6.161758120655079496e-02
6.161795787948209230e-02
6.161832730342230863e-02
6.161868933108706481e-02
6.161904380633270728e-02
6.161939056780054574e-02
6.161972944446732214e-02
6.162006025274642529e-02
6.162038279668085455e-02
6.162069686710603539e-02
6.162100224741388216e-02
6.162129871376418461e-02
6.162158601959901588e-02
6.162186389767376066e-02
6.162213208131684522e-02
6.162239029441048122e-02
6.162263822550714115e-02
6.162287554420260022e-02
6.162310192380625329e-02
6.162331701742102680e-02
6.162352043987584516e-02
6.162371179172902724e-02
6.162389066789942388e-02
6.162405663313820503e-02
6.162420921809998176e-02
6.162434793923929344e-02
6.162447229564446682e-02
6.162458175109028491e-02
6.162467573804744636e-02
6.162475366763038587e-02
6.162481492402898525e-02
6.162485886044254818e-02
6.162488479688812970e-02
6.162489201723417992e-02
6.162487977125264554e-02
6.162484727437315957e-02
6.162479370345393809e-02
6.162471819486302349e-02
6.162461984398244497e-02
6.162449770365502344e-02
6.162435078298300617e-02
6.162417804502723362e-02
6.162397840352353690e-02
6.162375072231951467e-02
6.162349381524402647e-02
6.162320644195758840e-02
6.162288730432995132e-02
6.162253504702159407e-02
6.162214825628706955e-02
6.162172545512735466e-02
6.162126510079734415e-02
6.162076558471144688e-02
6.162022522986820156e-02
6.161964228697638241e-02
6.161901493247848999e-02
6.161834126690197977e-02
6.161761931208122739e-02
6.161684700845256046e-02
6.161602221245685018e-02
6.161514269384530534e-02
6.161420613373996130e-02
6.161321012233032107e-02
6.161215215516934601e-02
6.161102963057711601e-02
6.160983984875284536e-02
6.160858000895436115e-02
6.160724720515735331e-02
6.160583842454220305e-02
6.160435054710158148e-02
6.160278034199066083e-02
6.160112446374626377e-02
6.159937945183419777e-02
6.159754172967777525e-02
6.159560760190928991e-02
6.159357325247261788e-02
6.159143474128388196e-02
6.158918800346715322e-02
6.158682886049249988e-02
6.158435301159310288e-02
6.158175598338423012e-02
6.157903316060828885e-02
6.157617985049425313e-02
6.157319125294319351e-02
6.157006244776500048e-02
6.156678836956924056e-02
6.156336377725239034e-02
6.155978335875976482e-02
6.155604177603771904e-02
6.155213353116790326e-02
6.154805295490047012e-02
6.154379427230151356e-02
6.153935161354032179e-02
6.153471904972557249e-02
6.152989056592778061e-02
6.152485997932057027e-02
6.151962102522674086e-02
6.151416746796105339e-02
6.150849299098373746e-02
6.150259112083102803e-02
6.149645538554805030e-02
6.149007938170328313e-02
6.148345662093859104e-02
6.147658052336021223e-02
6.146944456767276799e-02
6.146204229571253924e-02
6.145436725141670276e-02
6.144641300804283557e-02
6.143817319701904561e-02
6.142964153642907488e-02
6.142081187291210248e-02
6.141167816753739100e-02
6.140223448866008460e-02
6.139247507198917347e-02
6.138239435830614155e-02
6.137198697483354365e-02
6.136124774974197060e-02
6.135017175852356536e-02
6.133875434693719653e-02
6.132699115242765814e-02
6.131487812198255227e-02
6.130241151993727489e-02
6.128958796017839467e-02
6.127640444485814991e-02
6.126285837086028335e-02
6.124894753694570121e-02
6.123467018077464324e-02
6.122002500717770718e-02
6.120501119218675623e-02
6.118962839715241797e-02
6.117387679571392040e-02
6.115775708984464570e-02
6.114127051869579221e-02
6.112441887124345913e-02
6.110720449752006511e-02
6.108963031887208045e-02
6.107169983874696784e-02
6.105341714412732684e-02
6.103478690306327059e-02
6.101581437336846964e-02
6.099650540787705799e-02
6.097686644025928498e-02
6.095690447465449552e-02
6.093662709161294655e-02
6.091604244053188538e-02
6.089515921273504911e-02
6.087398662765189372e-02
