6.232793305556579435e+04
5.970215588286667480e+04
5.599612820819565241e+04
5.154556121577914746e+04
4.724806653066005674e+04
4.343220679163029854e+04
4.014346896715313778e+04
3.733647651569682057e+04
3.494332944888048223e+04
3.289539539840658108e+04
3.113273970759266376e+04
2.960992911732756329e+04
2.828628199431172470e+04
2.712941587691410314e+04
2.611298409267084935e+04
2.521693223533045966e+04
2.442236895336362068e+04
2.371619824174411042e+04
2.308729985954587755e+04
2.252390756784035693e+04
2.201892696920112212e+04
2.156670267383882674e+04
2.116017569688478034e+04
2.079349656431142284e+04
2.046314037706368617e+04
2.016620298615429056e+04
1.989948057548361248e+04
1.965975862166901061e+04
1.944435423382176668e+04
1.925118432053332072e+04
1.907860354406241095e+04
1.892511539795429417e+04
1.878935023970187467e+04
1.867002115112381216e+04
1.856592943654954433e+04
1.847601992655406866e+04
1.839936165184150741e+04
1.833512777070343145e+04
1.828258062971885010e+04
1.824106035663758303e+04
1.820997803762455078e+04
1.818880094364041724e+04
1.817704408167802103e+04
1.817426566554922829e+04
1.818006303301850130e+04
1.819406897686090088e+04
1.821594840770497467e+04
1.824539538842602633e+04
1.828213043193814883e+04
1.832589805082837847e+04
1.837646413992200178e+04
1.843361405933675633e+04
1.849715121930363239e+04
1.856689547830455558e+04
1.864268167765211183e+04
1.872435830836407695e+04
1.881178629607499897e+04
1.890483789156417333e+04
1.900339565618964116e+04
1.910735153310448732e+04
1.921660599659969375e+04
1.933106727327442786e+04
1.945065102079743519e+04
1.957528295570467526e+04
1.970489590887695158e+04
1.983941867721526069e+04
1.997878245290497216e+04
2.012292399853319148e+04
2.027178526377336311e+04
2.042531305319418607e+04
2.058345875803123272e+04
2.074617816462081464e+04
2.091343000131986628e+04
2.108515919958063387e+04
2.126129755485452552e+04
2.144177248754696484e+04
2.162650616302372146e+04
2.181541427704479065e+04
2.200840463469660608e+04
2.220537501536813943e+04
2.240622211906731536e+04
2.261088785156988160e+04
2.281933456273838237e+04
2.303153069609193335e+04
2.324745202891809822e+04
2.346708307554936619e+04
2.369041865877999226e+04
2.391743950984241383e+04
2.414802220609205688e+04
2.438199928159168849e+04
2.461918245290598861e+04
2.485936157038852616e+04
2.510230415298432854e+04
2.534776090233838113e+04
2.559557594980389331e+04
2.584571596455719191e+04
2.609816599444835811e+04
2.635292482540419223e+04
2.661000621302362197e+04
2.686944010974657431e+04
2.713123077861139609e+04
2.739519682278878099e+04
2.766108878894806912e+04
2.792864074428443928e+04
2.819757229694324269e+04
2.846758853113762598e+04
2.873835896758583840e+04
2.900962546359507905e+04
2.928128095995927652e+04
2.955323099769625333e+04
2.982537919833687920e+04
3.009762627487725331e+04
3.036986887840320196e+04
3.064199818300230254e+04
3.091385054516792297e+04
3.118512752101461228e+04
3.145550219092376574e+04
3.172464332851701693e+04
3.199224431602465120e+04
3.225802451539721005e+04
3.252170941317117831e+04
3.278303159863690962e+04
3.304173968957651959e+04
3.329764475887962908e+04
3.355058136923814891e+04
3.380037968456078670e+04
3.404686487787352235e+04
3.428985672263702145e+04
3.452917056779562699e+04
3.476467311335663544e+04
3.499630734002390091e+04
3.522402481777795037e+04
3.544778063106076297e+04
3.566753364507795777e+04
3.588324665020708198e+04
3.609488311482144491e+04
3.630240927381783695e+04
3.650579921341376030e+04
3.670503475909487315e+04
3.690012413896102225e+04
3.709114393104374176e+04
3.727819445351052127e+04
3.746138796419159189e+04
3.764084780245205184e+04
3.781670753743308887e+04
3.798911012977349310e+04
3.815820711353226943e+04
3.832415780462064868e+04
3.848712878861478384e+04
3.864730199224437820e+04
3.880487666678048845e+04
3.896005846445167845e+04
3.911305813893618324e+04
3.926409100960710202e+04
3.941337648858574539e+04
3.956113767394454771e+04
3.970760101196960750e+04
3.985299577872255759e+04
3.999738338786412351e+04
4.014035493941595632e+04
4.028140969552913884e+04
4.042003143496419216e+04
4.055568671750551584e+04
4.068782341634753539e+04
4.081586954522634187e+04
4.093923242019208556e+04
4.105729835448987433e+04
4.116961787112180900e+04
4.127628445446155092e+04
4.137750983322844695e+04
4.147352546452890965e+04
4.156458226378953259e+04
4.165095000041560706e+04
4.173291282121231779e+04
4.181076746726945566e+04
4.188483420658415707e+04
4.195574223003719089e+04
4.202448664884408936e+04
4.209209398478212825e+04
4.215959422918555356e+04
4.222801412981283647e+04
4.229837149703999603e+04
4.237167056718779349e+04
4.244889841662254184e+04
4.253105658124074398e+04
4.261927664554931835e+04
4.271471170539429295e+04
4.281849127506520745e+04
4.293171677532489412e+04
4.305545733712351648e+04
4.319074598610638350e+04
4.333857632119254413e+04
4.349989757510415802e+04
4.367546204233110620e+04
4.386574265446734353e+04
4.407117434369421971e+04
4.429217833778406202e+04
4.452916340010003478e+04
4.478252775755157199e+04
4.505266121014907549e+04
4.533994776003218431e+04
4.564476862425467698e+04
4.596733827221241518e+04
4.630723413615279424e+04
4.666393536580560612e+04
4.703698651698091271e+04
4.742599065959862492e+04
4.783060318020966952e+04
4.825052614015919971e+04
4.868549959931078774e+04
4.913524752808227640e+04
4.959947337166037323e+04
5.007795951100047387e+04
5.057105275657457241e+04
5.107935550882737152e+04
5.160345898877169384e+04
5.214394434540605289e+04
5.270141656006276753e+04
5.327649373289529467e+04
5.386978656329771184e+04
5.448189698600337579e+04
5.511341707672175835e+04
5.576495881208988430e+04
5.643720549415179994e+04
5.713089168521563261e+04
5.784677342284044425e+04
5.858559549519763095e+04
5.934784888100615353e+04
6.013374467213211028e+04
6.094341324776161491e+04
6.177692292368293420e+04
6.263478728386648436e+04
6.351810716232358391e+04
6.442807521006001480e+04
6.536578500400859775e+04
6.633089800939806446e+04
6.732189161984666134e+04
6.833681103875892586e+04
6.937523265857770457e+04
7.043878645349056751e+04
7.152947475297558412e+04
7.264752054081979441e+04
7.378953560526906222e+04
7.495144247617082146e+04
7.613178753873212554e+04
7.733347311352596444e+04
7.855992253196719685e+04
7.981082712247634481e+04
8.108143575015429815e+04
8.236691056360919902e+04
8.366734859316605434e+04
8.498561969480293919e+04
8.632326721328654094e+04
8.767659613646990329e+04
8.904058200784851215e+04
9.041290754063542408e+04
9.179449534827402385e+04
9.318593319227598840e+04
9.458465125208569225e+04
9.598678886269673239e+04
9.738925945705562481e+04
9.879028248271420307e+04
1.001879800150608207e+05
1.015803270291952358e+05
1.029652598841865693e+05
1.043395490345491999e+05
1.056981672210938268e+05
1.070365483377615601e+05
1.083540045523636945e+05
1.096514913390674046e+05
1.109275638079667260e+05
1.121757415313191595e+05
1.133899218675540615e+05
1.145696851469742687e+05
1.157195538766447135e+05
1.168433157770852267e+05
1.179391307872317702e+05
1.190026689898452169e+05
1.200313735213848122e+05
1.210279198576083145e+05
1.219969179793895892e+05
1.229419940649315540e+05
1.238638471161264461e+05
1.247605977128181839e+05
1.256308834875017637e+05
1.264746248135163332e+05
1.272941242335303250e+05
1.280916998300375999e+05
1.288691027416264260e+05
1.296271399273108400e+05
1.303655106881143438e+05
1.310840588492455136e+05
1.317829015873528842e+05
1.324624359728584823e+05
1.331234403195711493e+05
1.337666712861064589e+05
1.343928410636110930e+05
1.350026373316060926e+05
1.355967906925083662e+05
1.361762734424475930e+05
1.367423168638517673e+05
1.372963575901334116e+05
1.378398085259698855e+05
1.383739006102106650e+05
1.388997050855726120e+05
1.394181485245932126e+05
1.399300231961431564e+05
1.404359968880038941e+05
1.409366354576745362e+05
1.414324105750413146e+05
1.419236349682277068e+05
1.424104245078504318e+05
1.428927555025286856e+05
1.433704730247592961e+05
1.438432965838882083e+05
1.443108481106257823e+05
1.447726462656382064e+05
1.452280935581583472e+05
1.456766679690645251e+05
1.461185437022852711e+05
1.465541539108845755e+05
1.469840267766371253e+05
1.474087172188043769e+05
1.478287661793746229e+05
1.482447781596311252e+05
1.486574279115203244e+05
1.490674286777164671e+05
1.494752536550037912e+05
1.498812319827201427e+05
1.502857086727378482e+05
1.506891769382804632e+05
1.510922394711727393e+05
1.514955044222906872e+05
1.518995779427601083e+05
1.523050516695711995e+05
1.527123317175200791e+05
1.531216254619363463e+05
1.535330941678868840e+05
1.539468559663913620e+05
1.543628845917401195e+05
1.547810416063232697e+05
1.552011752928441565e+05
1.556231234779492079e+05
1.560466948329510342e+05
1.564716552603893215e+05
1.568977537669963494e+05
1.573247238032524765e+05
1.577522819232429320e+05
1.581801265957731230e+05
1.586079392047485162e+05
1.590354634697825240e+05
1.594625871993780311e+05
1.598893502287233423e+05
1.603158178213509964e+05
1.607420535494231735e+05
1.611681189838651335e+05
1.615940732254227041e+05
1.620199722796952119e+05
1.624458682818248926e+05
1.628719617313396302e+05
1.632992077407934994e+05
1.637288069709491974e+05
1.641619520194577926e+05
1.645997185302477446e+05
1.650431447174779605e+05
1.654932859566460829e+05
1.659512151992176950e+05
1.664178802679293440e+05
1.668930396083716478e+05
1.673758449395376083e+05
1.678654320662152313e+05
1.683609229406605300e+05
1.688614230991844379e+05
1.693660189297096222e+05
1.698737747374039609e+05
1.703837144707430853e+05
1.708945395304121485e+05
1.714046406660584908e+05
1.719123391318271460e+05
1.724159140666289604e+05
1.729136228971670789e+05
1.734036537644703640e+05
1.738841147101912065e+05
1.743530418285979831e+05
1.748092068230319710e+05
1.752526277167391381e+05
1.756834551313214179e+05
1.761018674516124302e+05
1.765080713929642807e+05
1.769023003036020091e+05
1.772848095408823283e+05
1.776558638880488579e+05
1.780152135573848209e+05
1.783615669505289407e+05
1.786932458863392530e+05
1.790082683481295244e+05
1.793044755523271160e+05
1.795795162216883618e+05
1.798308220045343915e+05
1.800555868818189774e+05
1.802512310204044625e+05
1.804157061280178896e+05
1.805467727993563458e+05
1.806419093557762390e+05
1.806986508686881280e+05
1.807146957154114789e+05
1.806874726406513655e+05
1.806137347170740541e+05
1.804855651033011382e+05
1.802915518159576459e+05
1.800195675444085209e+05
1.796561486829016649e+05
1.791857012524324236e+05
1.785909097839004244e+05
1.778529499463500106e+05
1.769707745906374475e+05
1.759725026016943739e+05
1.748972540219959046e+05
1.737901878234998439e+05
1.726988195119111042e+05
1.716665455592451035e+05
1.707249685511376883e+05
1.698631992566174595e+05
1.690558209977007937e+05
1.682795979390142020e+05
1.675128603736051591e+05
1.667342597904893337e+05
1.659222434001007059e+05
1.650622844464054506e+05
1.641624258108128561e+05
1.632356936321454996e+05
1.622956607379427005e+05
1.613560722140861035e+05
1.604303592106103606e+05
1.595301009997188230e+05
1.586604947698486503e+05
1.578212410553035152e+05
1.570118127847918367e+05
1.562317855074685358e+05
1.554819981284613605e+05
1.547642023924865643e+05
1.540798159632401657e+05
1.534295146524992888e+05
1.528134657469852245e+05
1.522314877746268758e+05
1.516821342254973424e+05
1.511631222154893039e+05
1.506723342672284343e+05
1.502077638349923363e+05
1.497672492105154088e+05
1.493486964783015719e+05
1.489501678315624595e+05
1.485703175461016654e+05
1.482086964568728290e+05
1.478648628406914067e+05
1.475384312141336850e+05
1.472298714665037405e+05
1.469399254056842183e+05
1.466692297984827892e+05
1.464183216737467737e+05
1.461876336449726950e+05
1.459771434885367635e+05
1.457863848012565868e+05
1.456146717896203918e+05
1.454612049727759731e+05
1.453252644238996727e+05
1.452062038792026869e+05
1.451034417824248667e+05
1.450164536244266492e+05
1.449447627925515408e+05
1.448876108419734228e+05
1.448436451454392809e+05
1.399253828052507597e+05
1.350240087123173871e+05
1.303295872051598853e+05
1.258481413040290354e+05
1.215780886573819298e+05
1.174985560227649257e+05
1.135869864009963203e+05
1.098237319347457087e+05
1.061947079911094334e+05
1.026994506940412102e+05
9.933978703561461589e+04
9.611659781767919776e+04
9.302873903089779196e+04
9.006740976185958425e+04
8.722176764258983894e+04
8.448212029903693474e+04
8.183997334634391882e+04
7.929075427555822534e+04
7.683278394649068650e+04
7.446426268136288854e+04
7.218320337543450296e+04
6.998688329314312432e+04
6.787092512321594404e+04
6.583100843117243494e+04
6.386329469701751077e+04
6.196424189539092913e+04
6.013066917001010734e+04
5.835970392702103709e+04
5.664863889395751175e+04
5.499491545222923742e+04
5.339622112849514815e+04
5.185111706599705940e+04
5.035847540309122996e+04
4.891711090571448585e+04
4.752579038327548915e+04
4.618295600521003507e+04
4.488568350514297344e+04
4.363086063646538969e+04
4.241565575980801077e+04
4.123749311388652131e+04
4.009432392692092253e+04
3.898594532999103831e+04
3.791266443557371531e+04
3.687463150080943160e+04
3.587185452692559920e+04
3.490407081301086146e+04
3.396929741194772214e+04
3.306466986186326540e+04
3.218758880704021067e+04
3.133571842988010758e+04
3.050697616461374128e+04
2.970040130179708649e+04
2.891669618727969282e+04
2.815657863224398170e+04
2.742060698332131142e+04
2.670918093072392003e+04
2.602225868737668134e+04
2.535817263391810047e+04
2.471460422678265604e+04
2.408945660457358827e+04
2.348084916994555533e+04
2.288710222068804069e+04
2.230703199734928421e+04
2.174084965024094708e+04
2.118902986647912257e+04
2.065196344942828000e+04
2.013005874052289073e+04
1.962366132559355901e+04
1.913272504180889882e+04
1.865624306326359510e+04
1.819313231363168597e+04
1.774243440417426609e+04
1.730330629617493469e+04
1.687500912142117886e+04
1.645704770992110934e+04
1.604948820426726525e+04
1.565235736433086458e+04
1.526560688716404911e+04
1.488912745075634848e+04
1.452275611330805623e+04
1.416625024846216184e+04
1.381900612979141988e+04
1.348028511769473334e+04
1.314942943952279893e+04
1.282579386790349963e+04
1.250869332582871539e+04
1.219751619180726993e+04
1.189184343434732909e+04
1.159151237690534435e+04
1.129639438913654521e+04
1.100636519835566287e+04
1.072130067401119777e+04
1.044107325133493214e+04
1.016553861513620177e+04
9.894444675599102993e+03
9.627495261496525927e+03
9.364430955467676540e+03
9.105032614509718769e+03
8.849122437344436548e+03
8.596564100205247087e+03
8.347266041124665207e+03
8.101191423260336705e+03
7.858216203687226880e+03
7.618139538848749908e+03
7.380786707117545120e+03
7.146009877238754598e+03
6.913686769708366228e+03
6.683722773103994768e+03
6.456061478036757762e+03
6.230675272186696020e+03
6.007570494914989467e+03
5.786816915640932166e+03
5.568508695063131199e+03
5.352750048051540034e+03
5.139653263448116377e+03
4.929328556556238254e+03
4.721896483158171577e+03
4.517494016079178436e+03
4.316271877996900002e+03
4.118388352597577068e+03
3.924007289176126051e+03
3.733300722026759104e+03
3.546455969269162324e+03
3.363666913558653960e+03
3.185117642198129488e+03
3.010981078086883372e+03
2.841418302323122589e+03
2.676604230310959792e+03
2.516779478644352821e+03
2.362160726545629132e+03
2.212918967619227260e+03
2.069197809449591205e+03
1.931116909514450754e+03
1.798771185616827552e+03
1.672229827983803489e+03
1.551539465074635018e+03
1.436750838185157818e+03
1.327891868763060984e+03
1.224947705329870132e+03
1.127861720296802105e+03
1.036540722066156832e+03
9.508602206756422675e+02
8.706694513232472445e+02
7.957959355876537302e+02
7.260470920012892293e+02
6.612156653307727083e+02
6.010876944257671539e+02
5.454452353473027415e+02
4.940679880577248468e+02
4.467347021506687383e+02
4.032244325146966162e+02
3.633177635868611901e+02
3.268020405499908634e+02
2.934720245525139148e+02
2.631228429109317517e+02
2.355516978694937791e+02
2.105600461064194633e+02
1.879553773218935930e+02
1.675526037479434933e+02
1.491750886687641753e+02
1.326561946845384341e+02
1.178405718575172330e+02
1.045812924622638604e+02
9.273951127564700414e+01
8.218466119831371941e+01
7.279457807497007593e+01
6.445553601211928196e+01
5.706219528677781483e+01
5.051751873064166176e+01
4.473270823070412661e+01
3.962668807755104439e+01
3.512555016856398993e+01
3.116214305081928160e+01
2.767565223707913802e+01
2.461116085869059944e+01
2.191920248433867968e+01
1.955538757344227108e+01
1.748002571328854415e+01
1.565780343833646704e+01
1.405737666758623305e+01
1.265099103372133271e+01
1.141416295271071668e+01
1.032533815645536635e+01
9.365599231167394123e+00
8.518389599193232797e+00
7.769238080014966741e+00
7.105527365802596584e+00
6.516292351983056896e+00
5.992018575304657979e+00
5.524465212879801079e+00
5.106515535019464203e+00
4.732006702704667056e+00
4.395596591703230693e+00
4.092656018510465898e+00
3.819172693434779831e+00
3.571665280186732350e+00
3.347110350610110974e+00
3.142877324406923467e+00
2.956674132350141537e+00
2.786501620723511596e+00
2.630618849992333974e+00
2.487514319561928033e+00
2.355863831104994421e+00
2.234499367673230097e+00
2.122369946588437362e+00
2.018542980627244354e+00
1.922198515411196906e+00
1.832629546354279215e+00
1.749220401718865281e+00
1.671423683676100724e+00
1.598739672416693569e+00
1.530711118375637225e+00
1.466928980722898457e+00
1.407042857839634564e+00
1.350753790264182408e+00
1.297790754236806121e+00
1.247889793573540018e+00
1.200794456840251101e+00
1.156274398456688779e+00
1.114134813602030594e+00
1.074211112918634692e+00
1.036353558458479540e+00
1.000417671750663207e+00
9.662652609324737796e-01
9.337705909949808314e-01
9.028271963015689350e-01
8.733419635116980162e-01
8.452275680499217181e-01
8.183956126574406520e-01
7.927619479954689519e-01
7.682499033391514409e-01
7.447911525297776780e-01
7.223233086650143742e-01
7.007889467392734995e-01
6.801351989341770654e-01
6.603130233181814246e-01
6.412772759144277357e-01
6.229864480502289581e-01
6.054018682678439234e-01
5.884886962964633872e-01
5.722152602813845856e-01
5.565509956872594088e-01
5.414619254057509989e-01
5.269144262902754061e-01
5.128789629261780725e-01
4.993330130709515702e-01
4.862562443631209264e-01
4.736272651051990357e-01
4.614227942532367899e-01
4.496211221689376258e-01
4.382065695806712236e-01
4.271676158737190421e-01
4.164919286583586566e-01
4.061606571547368705e-01
3.961538055502492606e-01
3.864548843138774781e-01
3.770534168722107227e-01
3.679399646771081556e-01
3.591031641574387034e-01
3.505299084037791224e-01
3.422081778291199972e-01
3.341297382073428746e-01
3.262881334465788652e-01
3.186761128867113824e-01
3.112837178075671951e-01
3.041009954346147182e-01
2.971193694778579419e-01
2.903317132433855252e-01
2.837312393000494537e-01
2.773112301717772232e-01
2.710651621877523398e-01
2.649869001317901596e-01
2.590708743104769285e-01
2.533118394251595018e-01
2.477049752846462727e-01
2.422458982843869180e-01
2.369302736363741169e-01
2.317527345730218957e-01
2.267075182603617567e-01
2.217896473973116067e-01
2.169960023716236142e-01
2.123238200344905457e-01
2.077692882182128609e-01
2.033274375464098893e-01
1.989937107924805992e-01
1.947655338415805737e-01
1.906412667510984094e-01
1.866185636703252271e-01
1.826931107091400719e-01
1.788605008315702349e-01
1.751181624789873159e-01
1.714652851676861933e-01
1.679007239791730222e-01
1.644211667497209040e-01
1.610226402299388404e-01
1.577020258271226716e-01
1.544577380936248689e-01
1.512883905000881324e-01
1.481919646021636894e-01
1.451659464439983560e-01
1.422080650388474199e-01
1.393169446065376238e-01
1.364914606951546650e-01
1.337301650069029901e-01
1.310311150803063485e-01
1.283923959463472986e-01
1.258121727079224705e-01
1.232886958787731135e-01
1.208203624274352544e-01
1.184058543107071870e-01
1.160439393948381331e-01
1.137333339969293089e-01
1.114726781446488540e-01
1.092606993034345303e-01
1.070966290681945737e-01
1.049799038567244963e-01
1.029095416859196893e-01
1.008836477276927185e-01
9.890032996750661165e-02
9.695842647187560837e-02
9.505736233737363539e-02
9.319647024111812894e-02
9.137450842806565943e-02
8.959010524487706628e-02
8.784248492911118922e-02
8.613174439811802086e-02
8.445788079282447181e-02
8.281970596686770436e-02
8.121544429138286003e-02
7.964367789934505282e-02
7.810384619809943030e-02
7.659554219421729759e-02
7.511810920101516520e-02
7.367063768515404176e-02
7.225230169307834960e-02
7.086271135861485493e-02
6.950161553805835057e-02
6.816855498349078113e-02
6.686272152775327160e-02
6.558330651209007267e-02
6.432961028492582833e-02
6.310101310934437824e-02
6.189693850489524918e-02
6.071688705425161425e-02
5.956038209526946098e-02
5.842691418153146687e-02
5.731593281043975696e-02
5.622691835192851484e-02
5.515951948259736198e-02
5.411344847026563348e-02
5.308828756317707925e-02
5.208337061915692401e-02
5.109804312417911415e-02
5.013183979782813438e-02
4.918442265058848434e-02
4.825544713833952726e-02
4.734452582307874247e-02
4.645126985084942900e-02
4.557530832101439056e-02
4.471628886605300696e-02
4.387386716799070163e-02
4.304770367138077702e-02
4.223746536964314430e-02
4.144282726085305596e-02
4.066347247523722369e-02
3.989909136933478956e-02
3.914938109093371588e-02
3.841404545893876976e-02
3.769279492020489314e-02
3.698534641221495195e-02
3.629142315220852677e-02
3.561075445490746033e-02
3.494307557477217135e-02
3.428812756380776594e-02
3.364565712682517085e-02
3.301541647605113483e-02
3.239716319065163996e-02
3.179066008184124048e-02
3.119567506306907337e-02
3.061198102365345064e-02
3.003935570587735332e-02
2.947758158568321990e-02
2.892644575698458120e-02
2.838573981945072613e-02
2.785525976953885305e-02
2.733480589466844718e-02
2.682418267043197233e-02
2.632319866075982437e-02
2.583166642093332951e-02
2.534940240334009748e-02
2.487622686588359527e-02
2.441196378295023076e-02
2.395644075885564744e-02
2.350948894368461162e-02
2.307094295144217211e-02
2.264064078044532649e-02
2.221842373587551780e-02
2.180413635442511600e-02
2.139762633096908492e-02
2.099874444719589464e-02
2.060734450213457664e-02
2.022328324451888940e-02
1.984642030692548506e-02
1.947661814164015903e-02
1.911374195818352911e-02
1.875765966245980867e-02
1.840824179746374661e-02
1.806536148550971083e-02
1.772889437192758794e-02
1.739871857018733883e-02
1.707471460840226385e-02
1.675676537717527004e-02
1.644475607874351306e-02
1.613857417738691694e-02
1.583810935105810225e-02
1.554325344420162854e-02
1.525390042170948930e-02
1.496994629483949964e-02
1.469128902053943621e-02
1.441782853620596563e-02
1.414946673533463636e-02
1.388610742642822603e-02
1.362765629287971195e-02
1.337402085380525601e-02
1.312511042579654445e-02
1.288083608557174728e-02
1.264111063349595589e-02
1.240584855795131940e-02
1.217496600053011649e-02
1.194838072203272331e-02
1.172601206924331167e-02
1.150778094246877360e-02
1.129360976381436378e-02
1.108342244618213887e-02
1.087714436296842620e-02
1.067470231844483072e-02
1.047602451880398113e-02
1.028104054385307366e-02
1.008968131933687777e-02
9.901879089877519205e-03
9.717567392510985391e-03
9.536681030807398277e-03
9.359156049561386664e-03
9.184929710034695632e-03
9.013940465740959487e-03
8.846127938755094997e-03
8.681432896539161698e-03
8.519797229266049682e-03
8.361163927633577173e-03
8.205477061154892865e-03
8.052681756913211697e-03
7.902724178769212834e-03
7.755551507013105396e-03
7.611111918446229925e-03
7.469354566884897628e-03
7.330229564075522140e-03
7.193687961011126404e-03
7.059681729639458170e-03
6.928163744953801106e-03
6.799087767457387237e-03
6.672408425992858508e-03
6.548081200927194021e-03
6.426062407685970666e-03
6.306309180625333660e-03
6.188779457238699315e-03
6.073431962685441575e-03
5.960226194637976635e-03
5.849122408437604920e-03
5.740081602554351209e-03
5.633065504340475232e-03
5.528036556075424483e-03
5.424957901291574576e-03
5.323793371377047445e-03
5.224507472448574816e-03
5.127065372488218316e-03
5.031432888738581605e-03
4.937576475349999758e-03
4.845463211275362163e-03
4.755060788405825190e-03
4.666337499943091702e-03
4.579262229002727981e-03
4.493804437443478690e-03
4.409934154917554382e-03
4.327621968137771585e-03
4.246839010355880732e-03
4.167556951048312364e-03
4.089747985804775832e-03
4.013384826415014595e-03
3.938440691149661457e-03
3.864889295231973242e-03
3.792704841494176030e-03
3.721862011217595689e-03
3.652335955149690720e-03
3.584102284696538514e-03
3.517137063285797217e-03
3.451416797897318214e-03
3.386918430757114053e-03
3.323619331192711156e-03
3.261497287644536582e-03
3.200530499832146634e-03
3.140697571070874636e-03
3.081977500735740699e-03
3.024349676870864440e-03
2.967793868939626236e-03
2.912290220714267280e-03
2.857819243301360120e-03
2.804361808299941309e-03
2.751899141091169489e-03
2.700412814254807368e-03
2.649884741112031473e-03
2.600297169389935350e-03
2.551632675007378410e-03
2.503874155978169733e-03
2.457004826430105818e-03
2.411008210736957907e-03
2.365868137761749628e-03
2.321568735208790098e-03
2.278094424082428068e-03
2.235429913250076405e-03
2.193560194108002456e-03
2.152470535347561498e-03
2.112146477819732207e-03
2.072573829496445787e-03
2.033738660526406353e-03
1.995627298383761527e-03
1.958226323107984789e-03
1.921522562632604512e-03
1.885503088201734290e-03
