3.801176635215670103e+03
3.855819412481436757e+03
3.911510148863528684e+03
3.968264780490984322e+03
4.026099427298826868e+03
4.085030087462804204e+03
4.145073035579801399e+03
4.206245194930196703e+03
4.268564124521563826e+03
4.332047346872662274e+03
4.396711476656786544e+03
4.462572043234146804e+03
4.529643891975066254e+03
4.597945482751847521e+03
4.667499001162921559e+03
4.738329326576002131e+03
4.810462031315276363e+03
4.883913263365689090e+03
4.958693828136119919e+03
5.034811672283318330e+03
5.112278872434674668e+03
5.191126703228243059e+03
5.271393351261840508e+03
5.353120435936843933e+03
5.436336314051985028e+03
5.521044151185988085e+03
5.607241047305005850e+03
5.694922306506024142e+03
5.784112481701230536e+03
5.874860686506522143e+03
5.967221375282341796e+03
6.061244755932983935e+03
6.156941087886583773e+03
6.254305871311580631e+03
6.353331628172501041e+03
6.454029685044292819e+03
6.556448889827146559e+03
6.660646876658046494e+03
6.766684191289463342e+03
6.874593453828245401e+03
6.984386762357491534e+03
7.096074924294938683e+03
7.209675894416349365e+03
7.325235851647756135e+03
7.442808956729792953e+03
7.562450905187056378e+03
7.684206248158910967e+03
7.808105179093605329e+03
7.934176945391662230e+03
8.062452456581832848e+03
8.192973758778969568e+03
8.325787989448055669e+03
8.460943749362502786e+03
8.598489172683857760e+03
8.738470294996875964e+03
8.880933194613517117e+03
9.025923450434478582e+03
9.173481450210276307e+03
9.323644712963941856e+03
9.476450058742711917e+03
9.631941982701520828e+03
9.790180720430380461e+03
9.951230771129086861e+03
1.011515561122636609e+04
1.028198924890980925e+04
1.045174755501479740e+04
1.062443840583540987e+04
1.080009146707452419e+04
1.097878557331804041e+04
1.116061267217839668e+04
1.134565901553472031e+04
1.153392604041662707e+04
1.172537222637733612e+04
1.191994281537709867e+04
1.211765778021903316e+04
1.231863966658522804e+04
1.252303325832762675e+04
1.273095536160858683e+04
1.294236000194326698e+04
1.315714541265193111e+04
1.337520037372686602e+04
1.359655559381831154e+04
1.382136643943822673e+04
1.404980799818542073e+04
1.428199341802291747e+04
1.451784556799950224e+04
1.475723915518845388e+04
1.500004520340766067e+04
1.524629076337810875e+04
1.549610073662712421e+04
1.574961404417163067e+04
1.600690015754228079e+04
1.626787188678973871e+04
1.653240465578550720e+04
1.680036690566956531e+04
1.707173559594100152e+04
1.734654558727932454e+04
1.762483643412461606e+04
1.790661237597521540e+04
1.819179755021643723e+04
1.848029408021091876e+04
1.877198975280662489e+04
1.906676039999311615e+04
1.936446977810856333e+04
1.966496840046376383e+04
1.996812335321391220e+04
2.027390373464029472e+04
2.058230774174573162e+04
2.089333178371487520e+04
2.120684197429718915e+04
2.152246474543637669e+04
2.183977657336471020e+04
2.215833769228043093e+04
2.247792350230960074e+04
2.279863049410347958e+04
2.312058394238488472e+04
2.344391185753088575e+04
2.376849449770379215e+04
2.409371753508504480e+04
2.441889288252702318e+04
2.474332735750908978e+04
2.506644971593189621e+04
2.538827883926139475e+04
2.570902279505753904e+04
2.602886843169663916e+04
2.634798441603872925e+04
2.666636839206259174e+04
2.698342692355684630e+04
2.729843852277853148e+04
2.761070701899215783e+04
2.791957610809843027e+04
2.822445618184893465e+04
2.852514372010806983e+04
2.882177948789680886e+04
2.911448909088486107e+04
2.940336695303185479e+04
2.968847988430355690e+04
2.996986996537366940e+04
3.024754440722646177e+04
3.052133258970596580e+04
3.079096955710376278e+04
3.105622490609318629e+04
3.131690996086855012e+04
3.157290762957729385e+04
3.182415412586424645e+04
3.207062165012894184e+04
3.231231516190134425e+04
3.254926906096464154e+04
3.278154528960969765e+04
3.300925268995205261e+04
3.323252977720932540e+04
3.345151707790318324e+04
3.366636381541670562e+04
3.387723835649792454e+04
3.408431523658270453e+04
3.428777315224461927e+04
3.448779516765203880e+04
3.468456881491102831e+04
3.487828611242543411e+04
3.506914351972880831e+04
3.525734186406805384e+04
3.544298839798376139e+04
3.562583799896451092e+04
3.580554813147417008e+04
3.598175351714599674e+04
3.615406582172134222e+04
3.632207350384151505e+04
3.648534185718503431e+04
3.664341328092716867e+04
3.679580913013960526e+04
3.694223881076109683e+04
3.708284556344441080e+04
3.721784568484820193e+04
3.734747514759527257e+04
3.747198883699027647e+04
3.759165967171163356e+04
3.770677762738395541e+04
3.781764867914620845e+04
3.792463616617622029e+04
3.802846912345204328e+04
3.813006656002851378e+04
3.823036114944009751e+04
3.833029130746518786e+04
3.843079536434157490e+04
3.853280670955518144e+04
3.863724993532767985e+04
3.874504525043698959e+04
3.885726652583977557e+04
3.897513975372960704e+04
3.909987883858945133e+04
3.923267227779843961e+04
3.937467719338166353e+04
3.952701362721637997e+04
3.969075928471091902e+04
3.986694497319928632e+04
4.005646629567330820e+04
4.025988833238614461e+04
4.047769203172107518e+04
4.071034005552008603e+04
4.095827951696441596e+04
4.122194564612426620e+04
4.150176633230433799e+04
4.179816737429017667e+04
4.211157829879531346e+04
4.244229277553979773e+04
4.278997476991155418e+04
4.315417813485814986e+04
4.353453750216516346e+04
4.393076070951561269e+04
4.434261098294780822e+04
4.476978211023611220e+04
4.521190684190633328e+04
4.566861596068922518e+04
4.613953693829553231e+04
4.662441460096679657e+04
4.712358107069125253e+04
4.763756950080653041e+04
4.816710101808887703e+04
4.871296736056340160e+04
4.927597351484345563e+04
4.985693904834423302e+04
5.045669509096823458e+04
5.107595080157507618e+04
5.171525467546005530e+04
5.237512578667634079e+04
5.305607352363163955e+04
5.375863922759713751e+04
5.448343990194384969e+04
5.523111168554130563e+04
5.600227066915244359e+04
5.679752666172470344e+04
5.761761001881746051e+04
5.846331985146739316e+04
5.933546162473971344e+04
6.023464588864037796e+04
6.116085007308743661e+04
6.211382297736313194e+04
6.309320138231691089e+04
6.409932774577325472e+04
6.513313896413835755e+04
6.619558865475114726e+04
6.728567448815153330e+04
6.840084656221704790e+04
6.953861532558186445e+04
7.069979753462770896e+04
7.188721761571193929e+04
7.310298272393117077e+04
7.434381174464611104e+04
7.560435258049983531e+04
7.688214398071171308e+04
7.818092154240240052e+04
7.950495929526457621e+04
8.085263210698909825e+04
8.221745775637708721e+04
8.359467975341023703e+04
8.498656231899310660e+04
8.639664727542625042e+04
8.782357036874536425e+04
8.926140109650210070e+04
9.070553804971440695e+04
9.215651090931269573e+04
9.361553268226010550e+04
9.508048457964045519e+04
9.654687905904557556e+04
9.801072991477818869e+04
9.946969325692545681e+04
1.009215838122353161e+05
1.023642635278178495e+05
1.037955641017347079e+05
1.052118195374895440e+05
1.066075245568255486e+05
1.079782097495250055e+05
1.093239847162121587e+05
1.106460850547343725e+05
1.119420538959668920e+05
1.132052941363179998e+05
1.144315977258815838e+05
1.156234928260612069e+05
1.167861228164511413e+05
1.179228149507116032e+05
1.190305998901586718e+05
1.201053391916610854e+05
1.211452371543886111e+05
1.221540454753439553e+05
1.231363287002467259e+05
1.240954403602567909e+05
1.250310510683623870e+05
1.259410607682549598e+05
1.268241777031622041e+05
1.276808380218789534e+05
1.285135889060683839e+05
1.293246284381293808e+05
1.301155538229958038e+05
1.308867330884962867e+05
1.316376606087720720e+05
1.323678462858088023e+05
1.330772235264199262e+05
1.337665063357234176e+05
1.344367638853291282e+05
1.350890063252471446e+05
1.357242140223367605e+05
1.363433551379458513e+05
1.369475155259610619e+05
1.375380226828360464e+05
1.381162796333409788e+05
1.386836278154031897e+05
1.392412885255260917e+05
1.397903122728123562e+05
1.403315984955189633e+05
1.408659080632921250e+05
1.413938728748650174e+05
1.419159957758304081e+05
1.424325991495409398e+05
1.429438419182522339e+05
1.434497398904310539e+05
1.439501692988891155e+05
1.444448694127120543e+05
1.449334438681386237e+05
1.454153640590984432e+05
1.458900169792236120e+05
1.463571779545111640e+05
1.468171557451628614e+05
1.472703864715176169e+05
1.477174114346855204e+05
1.481588747191007715e+05
1.485955101958415762e+05
1.490280382869282621e+05
1.494571848206098366e+05
1.498835813681226864e+05
1.503076093560520094e+05
1.507296267738936003e+05
1.511499967858057644e+05
1.515690892654420459e+05
1.519873162866252824e+05
1.524052627810600097e+05
1.528235661573657999e+05
1.532427725031949230e+05
1.536631815401109052e+05
1.540850177001885022e+05
1.545084652207021718e+05
1.549336705225234327e+05
1.553607452578390366e+05
1.557897538756875147e+05
1.562206043575673248e+05
1.566531167384285945e+05
1.570870643270112341e+05
1.575222006534260290e+05
1.579582656567817612e+05
1.583949839276227576e+05
1.588320631720280508e+05
1.592691928472523286e+05
1.597060429294235946e+05
1.601422926157651527e+05
1.605777661863252579e+05
1.610124453527274309e+05
1.614463944751170347e+05
1.618796791938948154e+05
1.623123642641401966e+05
1.627445130987333832e+05
1.631761871267532406e+05
1.636075490800245607e+05
1.640395009358067473e+05
1.644732831389843486e+05
1.649101560392567189e+05
1.653513892707261257e+05
1.657982526286929206e+05
1.662519549785025010e+05
1.667135944555260940e+05
1.671841471408407378e+05
1.676634116404545493e+05
1.681505170176536776e+05
1.686445752197744441e+05
1.691446859240761842e+05
1.696499339111900190e+05
1.701593862659021688e+05
1.706720893820230267e+05
1.711870476340074092e+05
1.717029293283694133e+05
1.722181018119505025e+05
1.727308661580808694e+05
1.732394551056139171e+05
1.737420216926844732e+05
1.742366286622965999e+05
1.747212918669610808e+05
1.751940103419644875e+05
1.756536705737762095e+05
1.761003072043827560e+05
1.765340474176429270e+05
1.769550469865761697e+05
1.773634925239084114e+05
1.777596016298384930e+05
1.781436201825335156e+05
1.785157968227613601e+05
1.788756875726386788e+05
1.792219219072306587e+05
1.795529913626669440e+05
1.798671887156271259e+05
1.801623704350384942e+05
1.804361431954220461e+05
1.806858873410945816e+05
1.809087634938336560e+05
1.811023577310264809e+05
1.812646299818523112e+05
1.813932905048435205e+05
1.814857449118572404e+05
1.815390920445559022e+05
1.815506107935282344e+05
1.815176235042508633e+05
1.814361337089833978e+05
1.812965309803522832e+05
1.810868033433062083e+05
1.807942114899145090e+05
1.804050965447071358e+05
1.799034516989583208e+05
1.792711739042224945e+05
1.784908811483224563e+05
1.775719656111165532e+05
1.765454479158910690e+05
1.754525185422258510e+05
1.743400170995398948e+05
1.732563844386895944e+05
1.722452736194105819e+05
1.713274254715848365e+05
1.704817698061358824e+05
1.696830668418705463e+05
1.689079067681281595e+05
1.681343423872522253e+05
1.673405979165978788e+05
1.665050567743674328e+05
1.656214320044067863e+05
1.647014383209091029e+05
1.637585695010253112e+05
1.628067749931353319e+05
1.618600622570119740e+05
1.609320325265195861e+05
1.600333273082938395e+05
1.591660358917409030e+05
1.583295906349329161e+05
1.575234461162576044e+05
1.567471341356448829e+05
1.560013103669928969e+05
1.552876937476203893e+05
1.546075514264161466e+05
1.539614021815733868e+05
1.533493928876695281e+05
1.527713563027019554e+05
1.522260159062576422e+05
1.517110898144984094e+05
1.512244265905917564e+05
1.507638539661556715e+05
1.503271084726449626e+05
1.499120839698720083e+05
1.495168259843005799e+05
1.491398250496615656e+05
1.487805502162761695e+05
1.484385715784130152e+05
1.481139296700276609e+05
1.478074156983893190e+05
1.475197806207825488e+05
1.472516680578065279e+05
1.470036207415399840e+05
1.467760860500465496e+05
1.465691679236568452e+05
1.463823149585124047e+05
1.462146691620431375e+05
1.460654175214261631e+05
1.459338321274379268e+05
1.458192594768452400e+05
1.457211113879634358e+05
1.456388572340543033e+05
1.455719209569621016e+05
1.410390270616306807e+05
1.361101333842753957e+05
1.313991263763661846e+05
1.269094501609526051e+05
1.226277422867510759e+05
1.185299125631780189e+05
1.145945744342458784e+05
1.108035085867448652e+05
1.071497380372312764e+05
1.036351486958729656e+05
1.002607911749054038e+05
9.702658386179464287e+04
9.392756309642584529e+04
9.095259777623511036e+04
8.809125735895684920e+04
8.533422376064755372e+04
8.267415067769617599e+04
8.010836890561295149e+04
7.763515194562872057e+04
7.525255967117774708e+04
7.295841825206998328e+04
7.074917107054966618e+04
6.862022159060036938e+04
6.656724075877160067e+04
6.458619494785082497e+04
6.267344179133975558e+04
6.082592278236978018e+04
5.904083332561651332e+04
5.731552357311731612e+04
5.564748756702987157e+04
5.403465538128583285e+04
5.247580650621456152e+04
5.096979459946828138e+04
4.951541727661867480e+04
4.811142371269372234e+04
4.675589636169034929e+04
4.544568947291334916e+04
4.417775258542067604e+04
4.294930551755991473e+04
4.175781915837056295e+04
4.060162852432895306e+04
3.948083781113732402e+04
3.839569125894309400e+04
3.734628372465055145e+04
3.633257595517382288e+04
3.535408226409671624e+04
3.440846597488174302e+04
3.349294236923576682e+04
3.260494533727808448e+04
3.174216153316848795e+04
3.090256315318270572e+04
3.008556778132027466e+04
2.929192866259459333e+04
2.852231023917346829e+04
2.777722559930871648e+04
2.705704757149094439e+04
2.636175011445529162e+04
2.568959616329392884e+04
2.503827081748112323e+04
2.440566332025857992e+04
2.378987637628485754e+04
2.318921259178867331e+04
2.260259388341000886e+04
2.203029888769749959e+04
2.147275977311400857e+04
2.093031175348024044e+04
2.040320339237054213e+04
1.989169032192824670e+04
1.939564826046049347e+04
1.891402339625936656e+04
1.844573079822624277e+04
1.798980687665183723e+04
1.754540221020733588e+04
1.711177219148886434e+04
1.668844573237489021e+04
1.627564692161137646e+04
1.587360570653370632e+04
1.548229096001409016e+04
1.510158575697684682e+04
1.473131777106314803e+04
1.437122951282560098e+04
1.402069009098522474e+04
1.367893181708966404e+04
1.334526639936200263e+04
1.301908593615302561e+04
1.269981119929157467e+04
1.238680630418053624e+04
1.207960258539084862e+04
1.177799770216091383e+04
1.148183057000149347e+04
1.119094868031313672e+04
1.090520347027864045e+04
1.062444637957166196e+04
1.034851904724226188e+04
1.007716104687030384e+04
9.810052919690549970e+03
9.546908468170140623e+03
9.287480315766206331e+03
9.031561656157877223e+03
8.778987017652905706e+03
8.529635019122759331e+03
8.283447150457028329e+03
8.040404454423209245e+03
7.800398198746402159e+03
7.563226237808676160e+03
7.328709177651514437e+03
7.096694114394974349e+03
6.867055350410296342e+03
6.639704955826996411e+03
6.414585447825907977e+03
6.191664447103011298e+03
5.970943134465734147e+03
5.752486023961370847e+03
5.536384461869494771e+03
5.322739545441561859e+03
5.111651192199259640e+03
4.903227334978599174e+03
4.697594050465382679e+03
4.494893284200430571e+03
4.295280255267829489e+03
4.098917499737373873e+03
3.905972664811972209e+03
3.716629081524326921e+03
3.531083955291925122e+03
3.349527547011080514e+03
3.172140535914360044e+03
2.999093291686683187e+03
2.830545143837262003e+03
2.666669511374305330e+03
2.507705241204911090e+03
2.353862568074113369e+03
2.205319357255189061e+03
2.062229042829959326e+03
1.924720108574225378e+03
1.792895163373277683e+03
1.666829902199976914e+03
1.546576398198570132e+03
1.432191173417044638e+03
1.323706485434428032e+03
1.221108270496731848e+03
1.124340726117090753e+03
1.033311722307655600e+03
9.478980506054789430e+02
8.679504169825289637e+02
7.932979213169696777e+02
7.237493455213285642e+02
6.590998114641106440e+02
5.991379661411879169e+02
5.436480665108193762e+02
4.924116125703831699e+02
4.452087835450953435e+02
4.018197372735314730e+02
3.620259229155328171e+02
3.256155860390462635e+02
2.923837238182313740e+02
2.621256041843991511e+02
2.346386734529952491e+02
2.097247287798519153e+02
1.871916786931273293e+02
1.668549089771587717e+02
1.485382873170772200e+02
1.320757785316208412e+02
1.173124582454963445e+02
1.041016349143047250e+02
9.230464124861771325e+01
8.179106582648208246e+01
7.243889895272371859e+01
6.413457932371203185e+01
5.677296863367962487e+01
5.025724425887074887e+01
4.449882421895756579e+01
3.941682391131255514e+01
3.493751097525662175e+01
3.099389678900554657e+01
2.752531577618398373e+01
2.447697097464499905e+01
2.179952214934556309e+01
1.944870741482602838e+01
1.738496197638048457e+01
1.557309743728733231e+01
1.398188884823338718e+01
1.258370712127652880e+01
1.135416820046465602e+01
1.027180963145257486e+01
9.317799711459720413e+00
8.475657733227597745e+00
7.730977636937230280e+00
7.071210742175165542e+00
6.485454356732257786e+00
5.964250077110966330e+00
5.499409518940660213e+00
5.083861062896064098e+00
4.711479809768965410e+00
4.376957262236627955e+00
4.075694276250968251e+00
3.803704250895486805e+00
3.557528256813005552e+00
3.334162215117060235e+00
3.130992016025794022e+00
2.945740447723821376e+00
2.776421653686469870e+00
2.621309558636961690e+00
2.478903180224655500e+00
2.347886364010034033e+00
2.227093866815295087e+00
2.115477663305984191e+00
2.012112177318318817e+00
1.916185711394631896e+00
1.827000722700810487e+00
1.743945386069016834e+00
1.666474307864954207e+00
1.594086682141503619e+00
1.526327812427721087e+00
1.462792664286149291e+00
1.403138643282054954e+00
1.347068467326882901e+00
1.294310488267051307e+00
1.244595779330124552e+00
1.197669244055098892e+00
1.153303507744023237e+00
1.111309136978469558e+00
1.071522742292357222e+00
1.033794492382816399e+00
9.979783806620989850e-01
9.639368293504971819e-01
9.315458151980239299e-01
9.007013466869693286e-01
8.713106139856752197e-01
8.432854314736263346e-01
8.165364929519541848e-01
7.909801781458880576e-01
7.665406724420767981e-01
7.431503025469282653e-01
7.207470222399170456e-01
6.992737631278992394e-01
6.786779168220028469e-01
6.589106800164462596e-01
6.399272554320395434e-01
6.216863060805101204e-01
6.041494127748454623e-01
5.872821759454227575e-01
5.710530252033435561e-01
5.554307759497751906e-01
5.403807617609636127e-01
5.258696142402562446e-01
5.118689269520332319e-01
4.983567323930084836e-01
4.853126306257068423e-01
4.727145135642374929e-01
4.605390590073292212e-01
4.487650746606595131e-01
4.373780222185813527e-01
4.263664182324187202e-01
4.157169508294688010e-01
4.054098695754816961e-01
3.954253763980531966e-01
3.857480913029974201e-01
3.763679264185944007e-01
3.672752923001953995e-01
3.584582124265711101e-01
3.499035747376269545e-01
3.415997606866940650e-01
3.335390822429648017e-01
3.257150663453943218e-01
3.181199453803337795e-01
3.107435388345095029e-01
3.035759894923509283e-01
2.966090120053412327e-01
2.898355397290398594e-01
2.832487798451054917e-01
2.768419956682190985e-01
2.706086859244357101e-01
2.645427800477287428e-01
2.586387525487908179e-01
2.528913835849807001e-01
2.472959200882182684e-01
2.418479951153103824e-01
2.365431732246035812e-01
2.313758974752901931e-01
2.263404311918951473e-01
2.214320728182692655e-01
2.166478452677142730e-01
2.119849259000904096e-01
2.074392058858241794e-01
2.030056953379825446e-01
1.986800252254991017e-01
1.944599063355336999e-01
1.903436881730787567e-01
1.863287024726591190e-01
1.824104978783598896e-01
1.785847737537695212e-01
1.748493666230288845e-01
1.712034998351070481e-01
1.676457985275822682e-01
1.641726729273168262e-01
1.607801902849145814e-01
1.574654824979454804e-01
1.542270541616293789e-01
1.510634795790525842e-01
1.479726046433647857e-01
1.449519114646702911e-01
1.419992282175582266e-01
1.391132675659691453e-01
1.362928896528578515e-01
1.335365489480647150e-01
1.308422840960170308e-01
1.282081878254630602e-01
1.256324334971890277e-01
1.231132807333027018e-01
1.206491617833009844e-01
1.182387801834604291e-01
1.158809025726562081e-01
1.135742262725205065e-01
1.113173892417121530e-01
1.091091596277377618e-01
1.069488307676918631e-01
1.048358284478460162e-01
1.027690316415826588e-01
1.007464992218667782e-01
9.876638402156628915e-02
9.682765098619991462e-02
9.492973693318812467e-02
9.307191548317857166e-02
9.125288990877677975e-02
8.947130818512560868e-02
8.772654102782286023e-02
8.601871344206180048e-02
8.434773884219312623e-02
8.271226570672814138e-02
8.111052690704292911e-02
7.954121080791927423e-02
7.800381286342636389e-02
7.649791563650920612e-02
7.502281191148942041e-02
7.357758735711404652e-02
7.216145265852870472e-02
7.077406105847545981e-02
6.941515433589155737e-02
6.808422046641542102e-02
6.678043783543674561e-02
6.550300540773500158e-02
6.425123790222597719e-02
6.302451892232280306e-02
6.182228023180753179e-02
6.064402753946589175e-02
5.948928346452616450e-02
5.835753077615159906e-02
5.724821825591383528e-02
5.616083831405643823e-02
5.509505646366023857e-02
5.405058222117358618e-02
5.302696435658207225e-02
5.202352762530194213e-02
5.103962847020756394e-02
5.007482657185275549e-02
4.912878572322124798e-02
4.820115697319642123e-02
4.729155015446789845e-02
4.639957751324252228e-02
4.552487042057672822e-02
4.466707741981149754e-02
4.382585461277494626e-02
4.300086276670239682e-02
4.219176950265958459e-02
4.139825051310697807e-02
4.061998954513160176e-02
3.985667751674863701e-02
3.910801210988194831e-02
3.837369768576279205e-02
3.765344522611609873e-02
3.694697218863515070e-02
3.625400229465768759e-02
3.557426534973275045e-02
3.490749708861252965e-02
3.425343903255971545e-02
3.361183834455044872e-02
3.298244768385045350e-02
3.236502506606261237e-02
3.175933372867018045e-02
3.116514200147974673e-02
3.058222318050710098e-02
3.001035540530037210e-02
2.944932153991055429e-02
2.889890905745563440e-02
2.835890992814272746e-02
2.782912051053422486e-02
2.730934144593361382e-02
2.679937755582133263e-02
2.629903774222225668e-02
2.580813489092359525e-02
2.532648577742367332e-02
2.485391097553089554e-02
2.439023476851254549e-02
2.393528506271816458e-02
2.348889330359099983e-02
2.305089439398692527e-02
2.262112661472307287e-02
2.219943154728934789e-02
2.178565399864547739e-02
2.137964192803904970e-02
2.098124637577826121e-02
2.059032139389775987e-02
2.020672397865589873e-02
1.983031400480439119e-02
1.946095416157866964e-02
1.909850989034836757e-02
1.874284932388350575e-02
1.839384322717849476e-02
1.805136493979267454e-02
1.771529031965650078e-02
1.738549768830075989e-02
1.706186777746605820e-02
1.674428367704577925e-02
1.643263078433302923e-02
1.612679675452076064e-02
1.582667145242572584e-02
1.553214690539832417e-02
1.524311725730364067e-02
1.495947868970678996e-02
1.468112932847126691e-02
1.440796927962371271e-02
1.413990060171205210e-02
1.387682726479250346e-02
1.361865511038939415e-02
1.336529181240206712e-02
1.311664683892947193e-02
1.287263141499243868e-02
1.263315848612273085e-02
1.239814268279970655e-02
1.216750028571193278e-02
1.194114919181481042e-02
1.171900888117392153e-02
1.150100038456129160e-02
1.128704625179268416e-02
1.107707052078387919e-02
1.087099868730454118e-02
1.066875767541613021e-02
1.047027580857141579e-02
1.027548278136048918e-02
1.008430963188685844e-02
9.896688714757269703e-03
9.712553674668002526e-03
9.531839420573690741e-03
9.354482100424938232e-03
9.180419076457795383e-03
9.009588901022760540e-03
8.841931292940207604e-03
8.677387114367414792e-03
8.515898348166380319e-03
8.357408075759532526e-03
8.201860455458983082e-03
8.049200701262240396e-03
7.899375062098765513e-03
7.752330801519023880e-03
7.608016177813674806e-03
7.466380424553935302e-03
7.327373731542701288e-03
7.190947226164987396e-03
7.057052955130735210e-03
6.925643866599206014e-03
6.796673792676060678e-03
6.670097432274067067e-03
6.545870334330564609e-03
6.423948881371386102e-03
6.304290273413788726e-03
6.186852512201704291e-03
6.071594385764201435e-03
5.958475453289897340e-03
5.847456030311328108e-03
5.738497174190996218e-03
5.631560669902186539e-03
5.526609016099273859e-03
5.423605411469386087e-03
5.322513741360247568e-03
5.223298564676881993e-03
5.125925101042764359e-03
5.030359218218361655e-03
4.936567419771416623e-03
4.844516832993963837e-03
4.754175197060513114e-03
4.665510851421748525e-03
4.578492724428714043e-03
4.493090322183767443e-03
4.409273717610243809e-03
4.327013539740094845e-03
4.246280963211671727e-03
4.167047697974371120e-03
4.089285979196507527e-03
4.012968557369707250e-03
3.938068688608717220e-03
3.864560125139848961e-03
3.792417105975672866e-03
3.721614347770929501e-03
3.652127035857413630e-03
3.583930815451807569e-03
3.517001783035094298e-03
3.451316477898586001e-03
3.386851873853912592e-03
3.323585371102337222e-03
3.261494788261718250e-03
3.200558354547116107e-03
3.140754702100974089e-03
3.082062858472042147e-03
3.024462239237127401e-03
2.967932640765715609e-03
2.912454233122040419e-03
2.858007553103350529e-03
2.804573497410998983e-03
2.752133315952195319e-03
2.700668605268581168e-03
2.650161302090628824e-03
2.600593677014456651e-03
2.551948328298250628e-03
2.504208175777176623e-03
2.457356454893006026e-03
2.411376710836841443e-03
2.366252792803224658e-03
2.321968848352271454e-03
2.278509317878042208e-03
2.235858929182394077e-03
2.194002692149621490e-03
2.152925893522668159e-03
2.112614091776828830e-03
2.073053112090154481e-03
2.034229041408240363e-03
1.996128223601852537e-03
1.958737254715038883e-03
1.922042978302500532e-03
1.886032480854462311e-03
